0.000000000000000000e+00 5.387645739910313978e+02 4.246109870477891945e+02 5.558212435233160704e+02 6.259884533576420154e+02 5.845897280966767084e+02 5.829613721533582975e+02 5.492488630621526227e+02 5.381601139601139039e+02 5.801101321585903179e+02 3.910938383267382505e+02 5.183606259097525708e+02 5.539297205757832216e+02 6.207238990598713144e+02 4.218254901960784196e+02 4.454366972477064337e+02 5.843794506612410942e+02 5.470466358134567599e+02 5.737950070323488490e+02 4.906370894160584157e+02 6.094039076376553794e+02 5.521756249999999682e+02 5.909896507115136046e+02 4.905098772023491733e+02 5.799912035185925561e+02 5.110777414075286629e+02 5.187516034985422948e+02 6.694877521613832414e+02 5.149871071716357847e+02 6.443167451244115682e+02 4.260485549132948222e+02 5.237322515212981671e+02 3.041819464033850409e+02 6.136666666666666288e+02 5.051073573573573299e+02 5.512648221343873729e+02 4.632492041837198826e+02 5.636971556051311154e+02 6.582715063520871581e+02 4.254293985204245701e+02 5.501402714932127083e+02 5.335202380952381418e+02
5.387645739910313978e+02 0.000000000000000000e+00 4.634674838977768445e+02 4.625924882629108197e+02 4.830233986060404732e+02 5.894300863505529833e+02 2.810420413669064601e+02 4.323282846072560801e+02 4.429128391369365545e+02 4.808256315465187640e+02 4.448843683083511564e+02 4.867092544023979030e+02 5.164253070551270639e+02 5.218980374464244960e+02 4.290247430529120720e+02 3.395870030945013127e+02 4.683027472527472810e+02 4.056294928606597523e+02 4.233044022011005723e+02 3.868779174147217077e+02 5.473653419406899729e+02 4.539927783350050277e+02 5.389574573336631147e+02 4.299839857651245438e+02 5.018291027154663766e+02 4.903157368026019753e+02 4.263547667342799059e+02 6.130912244897958772e+02 4.276982682060390744e+02 5.408612716763005892e+02 5.452342523279166926e+02 4.000039898440333559e+02 3.993764077113953022e+02 5.921813355685945908e+02 5.833344534050179391e+02 4.554159257063821542e+02 4.576829268292682968e+02 4.964718397997496595e+02 5.048329041487839959e+02 4.100644708086169317e+02 4.718561814556330773e+02 5.022559450845795368e+02
4.246109870477891945e+02 4.634674838977768445e+02 0.000000000000000000e+00 5.157700910273082400e+02 6.093332009531374069e+02 6.061897663174859190e+02 5.404546275395033490e+02 5.657390976024164502e+02 5.650087556381002969e+02 5.977332670642809944e+02 4.080830553702468251e+02 5.371068543734132845e+02 5.166923777710294416e+02 6.057109721136304188e+02 5.150211066742726871e+02 4.836904380341880483e+02 6.058725624828343825e+02 5.215245110490220668e+02 5.788623205460107783e+02 4.454511997113476696e+02 6.420202498107494193e+02 5.379025452877780253e+02 5.740382445141066228e+02 5.025868535333596583e+02 5.699711593375213852e+02 5.817004436142890427e+02 5.080983290488431976e+02 5.812064090480678260e+02 5.494998747808665485e+02 5.513072487644151352e+02 4.693211382113821060e+02 5.035621610765213632e+02 4.361280516993776928e+02 5.575233611010503409e+02 4.591219621962196129e+02 5.204441279579316415e+02 4.235604490500863335e+02 5.356896293523025179e+02 6.384149076517149979e+02 4.534699488491048669e+02 4.960376779235277809e+02 5.076322136089577839e+02
5.558212435233160704e+02 4.625924882629108197e+02 5.157700910273082400e+02 0.000000000000000000e+00 5.255672301690507311e+02 5.485408597071327677e+02 3.730742796722178127e+02 3.221150283067421469e+02 4.465747957259584950e+02 4.672391437308868376e+02 2.261181567546278188e+02 3.641552376945729748e+02 3.493177700348431927e+02 5.576707964601770300e+02 3.392179253867151942e+02 3.762461021094466673e+02 1.371656760772659709e+02 7.425595238095237960e+01 8.726525529265255443e+01 2.625311783585511307e+02 4.496972143722244368e+02 3.903924229573084403e+02 2.958895705521472337e+02 2.928983894582723337e+02 2.709130757800891729e+02 1.520380601596071131e+02 3.027938596491227941e+02 6.541142857142857565e+02 2.776417973717677228e+02 3.954193888303477138e+02 3.833436293436293454e+02 2.134456349206349159e+02 2.324000000000000057e+02 5.451849082256968586e+02 3.806857275685727586e+02 2.804274277758440803e+02 2.970198598130841106e+02 1.646575481256332409e+02 3.019937393284006930e+02 2.705640326975477024e+02 4.165225225225225358e+02 3.500019710906701675e+02
6.259884533576420154e+02 4.830233986060404732e+02 6.093332009531374069e+02 5.255672301690507311e+02 0.000000000000000000e+00 4.738732057416268049e+02 3.819276937618147372e+02 3.522678244972577772e+02 1.306360567184334798e+02 4.587117822520506820e+02 3.056010728402033010e+02 3.790629084967320068e+02 4.541868512110726783e+02 1.469961868446139306e+02 4.924762284196547171e+02 2.970604282780874428e+02 5.906343077771649632e+02 5.016073519082182202e+02 5.808485543827443962e+02 3.253710847637586312e+02 5.299676863420938844e+02 1.704025667004390527e+02 5.022337807606264164e+02 3.854013916500994128e+02 5.423033210332102954e+02 5.677035443037974574e+02 3.820728094401205226e+02 2.819370731707317077e+02 4.301639102185469596e+02 5.419502982107355820e+02 3.936570535093815124e+02 3.951749890494962756e+02 3.947187270501835883e+02 5.377083616587354982e+02 3.372395409107737692e+02 3.181155764966740662e+02 3.805510413110276318e+02 5.483111401218450283e+02 5.546689989235737812e+02 3.173660354552779950e+02 3.718741949334478250e+02 4.347777127815150493e+02
5.845897280966767084e+02 5.894300863505529833e+02 6.061897663174859190e+02 5.485408597071327677e+02 4.738732057416268049e+02 0.000000000000000000e+00 4.115505254648342657e+02 3.983741567202906140e+02 4.173554421768707243e+02 5.907535487768045641e+02 3.963916955017301120e+02 4.648272532188840955e+02 5.383866584311302859e+02 4.356048536006330778e+02 3.874220511410503036e+02 3.836953917050691416e+02 5.938570715889248959e+02 4.664043062200956911e+02 5.317676228596842520e+02 2.421071428571428612e+02 4.938107965070124123e+02 3.521749629315822858e+02 5.901897360703812865e+02 3.960254006137060969e+02 5.665883874676630967e+02 5.905131420303833920e+02 3.254196782466775630e+02 4.726589734757147880e+02 4.675859357938414291e+02 6.134096165550821524e+02 4.468024249104436763e+02 3.785015784586815357e+02 3.845765713173769313e+02 5.970060606060606005e+02 5.027508122157245225e+02 4.476645478777937228e+02 5.326103927787264638e+02 5.903823335530652230e+02 6.118115789473683890e+02 3.580011129660545635e+02 5.067462863933452013e+02 5.053168552709946653e+02
5.829613721533582975e+02 2.810420413669064601e+02 5.404546275395033490e+02 3.730742796722178127e+02 3.819276937618147372e+02 4.115505254648342657e+02 0.000000000000000000e+00 4.724340536512667654e+02 4.666316266425011463e+02 5.771651832460732976e+02 3.359160054719562254e+02 5.392601591956430411e+02 4.676627527723418325e+02 5.150046262478695098e+02 4.078954514596062495e+02 2.929572452636969047e+02 5.715487646293888702e+02 4.145927557513460329e+02 4.585903104421448688e+02 3.340426078028747270e+02 6.115555324459234043e+02 4.534762231367169534e+02 5.242450980392156907e+02 5.104672384219554147e+02 5.036490341753343500e+02 4.972298822374877432e+02 3.504682478959448986e+02 5.837842676841796674e+02 4.732518602029312547e+02 5.077244414353419302e+02 4.664994179278230604e+02 3.888084795321637444e+02 4.235116906474819984e+02 5.259602776706517488e+02 5.252898443291327339e+02 4.432700127064803155e+02 4.353084799999999746e+02 5.286036156678942461e+02 5.296557295550584286e+02 3.787277192982456313e+02 3.766220322886989607e+02 4.798956397426733247e+02
5.492488630621526227e+02 4.323282846072560801e+02 5.657390976024164502e+02 3.221150283067421469e+02 3.522678244972577772e+02 3.983741567202906140e+02 4.724340536512667654e+02 0.000000000000000000e+00 3.874125000000000227e+02 5.927805797784586730e+02 3.472901098901098749e+02 2.226574630945872002e+02 4.631853553093758364e+02 3.612982913408630452e+02 4.603247724974721677e+02 3.604926672777268664e+02 4.818888601705867245e+02 3.165617834394904548e+02 3.746320140280561191e+02 3.711204747774480666e+02 3.195252606255011756e+02 2.778571428571428328e+02 5.549514745869065564e+02 3.001402730980670412e+02 4.688158176943699686e+02 3.947876694806856221e+02 2.732359523809523694e+02 4.326864864864865012e+02 2.536490442054958123e+02 5.365017964071856795e+02 4.961356677811015174e+02 3.251520905605258349e+02 3.610367688022284369e+02 5.455553571428571331e+02 4.808494414764448948e+02 2.296639363444886612e+02 3.994894091415830530e+02 4.176550308008213506e+02 5.320938897168405219e+02 4.454452227514710216e+02 4.602813044560617186e+02 4.832127812350406657e+02
5.381601139601139039e+02 4.429128391369365545e+02 5.650087556381002969e+02 4.465747957259584950e+02 1.306360567184334798e+02 4.173554421768707243e+02 4.666316266425011463e+02 3.874125000000000227e+02 0.000000000000000000e+00 3.916005904681568950e+02 2.755067829457364610e+02 3.071733373457718699e+02 4.713587081891579942e+02 2.309665252239509527e+02 3.716603714195782118e+02 2.654334298118668585e+02 5.102757723577235538e+02 4.237362058276503376e+02 4.696250000000000000e+02 3.587848598464560155e+02 4.544658036150464113e+02 2.511267605633802873e+02 4.389758778625954392e+02 3.402906199585157765e+02 5.610675909878682432e+02 5.089639111659469677e+02 3.499816053511705718e+02 4.121820475847152352e+02 3.587876984126984325e+02 5.100920526014865573e+02 4.347767779390420628e+02 3.654455690508322050e+02 3.794421600877192873e+02 5.726063268892794440e+02 3.978189757840412994e+02 3.058186885245901863e+02 3.658278070836473148e+02 5.270093066542577844e+02 5.632772568979372636e+02 2.902677253410869866e+02 4.007850812407680792e+02 3.626672473867595841e+02
5.801101321585903179e+02 4.808256315465187640e+02 5.977332670642809944e+02 4.672391437308868376e+02 4.587117822520506820e+02 5.907535487768045641e+02 5.771651832460732976e+02 5.927805797784586730e+02 3.916005904681568950e+02 0.000000000000000000e+00 3.671111716621253436e+02 5.427544642857143344e+02 4.464506612410986577e+02 3.544785812989405827e+02 4.109734236581552977e+02 3.960091141086401763e+02 5.523354735152488502e+02 4.256764397905758983e+02 4.825912492803684586e+02 3.871417147934251375e+02 6.458262521588945901e+02 4.005560344827586050e+02 4.644841075794620906e+02 4.768772713732499255e+02 4.971028571428571468e+02 5.459714003944773140e+02 3.808806438947781885e+02 5.969123085050184727e+02 4.735919003115265014e+02 5.334641350210970359e+02 4.861647982062780216e+02 3.861046228710462174e+02 4.300575566282955720e+02 5.449419448476052139e+02 5.597293700088731612e+02 4.311725612125923135e+02 4.816504401864319220e+02 5.453268698060942370e+02 4.780843720038350853e+02 2.672471056439941890e+02 4.364121355397950879e+02 3.623407859078590718e+02
3.910938383267382505e+02 4.448843683083511564e+02 4.080830553702468251e+02 2.261181567546278188e+02 3.056010728402033010e+02 3.963916955017301120e+02 3.359160054719562254e+02 3.472901098901098749e+02 2.755067829457364610e+02 3.671111716621253436e+02 0.000000000000000000e+00 4.661372393771443399e+02 3.312734063745019739e+02 5.439485903814262429e+02 3.816128279883382106e+02 3.407896813353565904e+02 4.743129657228017777e+02 2.915202702702702595e+02 3.623892921960072613e+02 2.507990286771507726e+02 5.399126103045829268e+02 4.490582986317668315e+02 3.895848513902205354e+02 3.882965211300490296e+02 4.368082658713250908e+02 3.998742878845423547e+02 3.204017038007863789e+02 6.224600811907984053e+02 3.970882712278558415e+02 3.451619256017505677e+02 4.765903490759753822e+02 3.334541237113402303e+02 3.093958632576845957e+02 5.311166500498504774e+02 4.309807928075194354e+02 4.260394228291677337e+02 2.296094541361845813e+02 4.046594778660613088e+02 4.792576195059351676e+02 3.508517832329782209e+02 3.802271771140092369e+02 3.320478180129990733e+02
5.183606259097525708e+02 4.867092544023979030e+02 5.371068543734132845e+02 3.641552376945729748e+02 3.790629084967320068e+02 4.648272532188840955e+02 5.392601591956430411e+02 2.226574630945872002e+02 3.071733373457718699e+02 5.427544642857143344e+02 4.661372393771443399e+02 0.000000000000000000e+00 4.140472409686383344e+02 3.587547878332707683e+02 4.195621923203150914e+02 3.368065704636168221e+02 4.805722595078299832e+02 3.729334129590922657e+02 4.330869829683698526e+02 3.417302307237231389e+02 3.037481190709846146e+02 2.778369468369468223e+02 4.884214942069516496e+02 2.480651260504201616e+02 5.052447075708647048e+02 4.940464547677261749e+02 3.164631611128095301e+02 3.607690100430415896e+02 2.873708124759337466e+02 5.333484444444444534e+02 4.369511834319526429e+02 3.309185792349726967e+02 3.789592555331992116e+02 5.383650934995547459e+02 3.545647058823529392e+02 2.874943705220061361e+02 3.634601393188854672e+02 4.590305380513814839e+02 5.641222591362126195e+02 3.061649380217556313e+02 4.161894921190893228e+02 3.789563507668108286e+02
5.539297205757832216e+02 5.164253070551270639e+02 5.166923777710294416e+02 3.493177700348431927e+02 4.541868512110726783e+02 5.383866584311302859e+02 4.676627527723418325e+02 4.631853553093758364e+02 4.713587081891579942e+02 4.464506612410986577e+02 3.312734063745019739e+02 4.140472409686383344e+02 0.000000000000000000e+00 6.092743153918790995e+02 3.066074653822998357e+02 4.416249550521395122e+02 4.922279138827022962e+02 5.130704375667022532e+02 5.219934771700953888e+02 4.099813917919959181e+02 6.591215846994535923e+02 5.211055295950155823e+02 1.568739255014326659e+02 5.282503245910153282e+02 3.146306818181818130e+02 5.420763033175355758e+02 3.914067289719625933e+02 5.391903754627181797e+02 5.540348178137651303e+02 1.744308681672025614e+02 2.489697149643705529e+02 3.769527131782945730e+02 2.744614822928076023e+02 1.805928338762215049e+02 3.454247948951686453e+02 4.869969708443771310e+02 2.690572951365755898e+02 4.243725135623869846e+02 3.094122877930477102e+02 2.562031746031746025e+02 2.584749403341288598e+02 2.350585365853658573e+02
6.207238990598713144e+02 5.218980374464244960e+02 6.057109721136304188e+02 5.576707964601770300e+02 1.469961868446139306e+02 4.356048536006330778e+02 5.150046262478695098e+02 3.612982913408630452e+02 2.309665252239509527e+02 3.544785812989405827e+02 5.439485903814262429e+02 3.587547878332707683e+02 6.092743153918790995e+02 0.000000000000000000e+00 4.607400563733166337e+02 3.988905961893054837e+02 5.534440420137631236e+02 4.712796123474515184e+02 5.195688252521965751e+02 3.815321543408360299e+02 4.773394220283533400e+02 3.444863896848137301e+02 5.293608284883721353e+02 4.036428571428571672e+02 5.805690265486725821e+02 5.253343465045592211e+02 3.765786322092656633e+02 4.593278201865987853e+02 4.645791271347248426e+02 5.837309589041095705e+02 4.532421908429610653e+02 3.941463414634146147e+02 4.673756645008859891e+02 5.888040752351097353e+02 4.261277123372597657e+02 4.318405599180607624e+02 4.213660267111853273e+02 5.787053892215568567e+02 5.500673976136730516e+02 3.030744962884411393e+02 4.282578086266732953e+02 3.797281976744185954e+02
4.218254901960784196e+02 4.290247430529120720e+02 5.150211066742726871e+02 3.392179253867151942e+02 4.924762284196547171e+02 3.874220511410503036e+02 4.078954514596062495e+02 4.603247724974721677e+02 3.716603714195782118e+02 4.109734236581552977e+02 3.816128279883382106e+02 4.195621923203150914e+02 3.066074653822998357e+02 4.607400563733166337e+02 0.000000000000000000e+00 2.758959141067700784e+02 4.960329203539823197e+02 3.283621285418106481e+02 3.697628626692456351e+02 3.299072094995759130e+02 5.006927252985884707e+02 3.278613595706618753e+02 4.453942976356050281e+02 3.952322875545397665e+02 3.428078703703703809e+02 4.439496350364963746e+02 3.038655717761557185e+02 4.381476543209876695e+02 4.140475144191156005e+02 3.237631389488840910e+02 3.664360421369450478e+02 3.180548556430446183e+02 3.560420145434958386e+02 3.261733723482077494e+02 3.892812731310140748e+02 3.608563283922462688e+02 3.810698822635776537e+02 3.753566155593412645e+02 3.216123853211009305e+02 3.324299702000851653e+02 3.368077253218884266e+02 4.292052401746724968e+02
4.454366972477064337e+02 3.395870030945013127e+02 4.836904380341880483e+02 3.762461021094466673e+02 2.970604282780874428e+02 3.836953917050691416e+02 2.929572452636969047e+02 3.604926672777268664e+02 2.654334298118668585e+02 3.960091141086401763e+02 3.407896813353565904e+02 3.368065704636168221e+02 4.416249550521395122e+02 3.988905961893054837e+02 2.758959141067700784e+02 0.000000000000000000e+00 5.162436823104693531e+02 4.231360561914672189e+02 4.782874970002399664e+02 3.518274210713018988e+02 4.428791208791208760e+02 2.803438504236050335e+02 5.471199418463775146e+02 4.072204324801411985e+02 4.622440997977073494e+02 5.069322478991596768e+02 3.303250534188034067e+02 3.439740048740861198e+02 3.305329512893982837e+02 5.104648395239812544e+02 4.098726645587812527e+02 3.567509523809523557e+02 3.898762809297675744e+02 4.381970802919707921e+02 3.847389024816497454e+02 3.343858681376411823e+02 3.968495244565217490e+02 4.555406288280930767e+02 5.426666666666666288e+02 3.690990342738117533e+02 3.531592271818787481e+02 4.593397596394592028e+02
5.843794506612410942e+02 4.683027472527472810e+02 6.058725624828343825e+02 1.371656760772659709e+02 5.906343077771649632e+02 5.938570715889248959e+02 5.715487646293888702e+02 4.818888601705867245e+02 5.102757723577235538e+02 5.523354735152488502e+02 4.743129657228017777e+02 4.805722595078299832e+02 4.922279138827022962e+02 5.534440420137631236e+02 4.960329203539823197e+02 5.162436823104693531e+02 0.000000000000000000e+00 4.308091528724440309e+02 4.979962845010615524e+02 3.673680272108843496e+02 6.189296264118157751e+02 3.365329536208299714e+02 3.920130641330166554e+02 4.545455528521221709e+02 1.699089861751152171e+02 5.658910081743869114e+02 2.528631221719456903e+02 5.572514840798704654e+02 4.472617635429023153e+02 4.582541899441340547e+02 4.979192188193519542e+02 1.526714570858283366e+02 3.958746422438466084e+02 4.641511312217194813e+02 5.120424028268550956e+02 4.178748577929465569e+02 2.665558598028477491e+02 8.796765119549930034e+01 2.108535606820461510e+02 2.657377274287675846e+02 4.212764603817235525e+02 3.544773988897700292e+02
5.470466358134567599e+02 4.056294928606597523e+02 5.215245110490220668e+02 7.425595238095237960e+01 5.016073519082182202e+02 4.664043062200956911e+02 4.145927557513460329e+02 3.165617834394904548e+02 4.237362058276503376e+02 4.256764397905758983e+02 2.915202702702702595e+02 3.729334129590922657e+02 5.130704375667022532e+02 4.712796123474515184e+02 3.283621285418106481e+02 4.231360561914672189e+02 4.308091528724440309e+02 0.000000000000000000e+00 1.041767109295199134e+02 3.205494389159432558e+02 4.569067796610169694e+02 4.463101604278074888e+02 4.203644375324001885e+02 3.761703163017031670e+02 2.999838243789716898e+02 1.692182502351834330e+02 3.010238989416183131e+02 6.226945781199871135e+02 2.632254720473898715e+02 4.309777003484320517e+02 4.286465874550980857e+02 2.437155679356236533e+02 2.809658994032395753e+02 5.152434033387183945e+02 4.430185528756957183e+02 3.086372692645766165e+02 3.447586516853932608e+02 2.316196363636363742e+02 3.601450756027788884e+02 3.495039053254437817e+02 4.495384309040222774e+02 4.061027244305493582e+02
5.737950070323488490e+02 4.233044022011005723e+02 5.788623205460107783e+02 8.726525529265255443e+01 5.808485543827443962e+02 5.317676228596842520e+02 4.585903104421448688e+02 3.746320140280561191e+02 4.696250000000000000e+02 4.825912492803684586e+02 3.623892921960072613e+02 4.330869829683698526e+02 5.219934771700953888e+02 5.195688252521965751e+02 3.697628626692456351e+02 4.782874970002399664e+02 4.979962845010615524e+02 1.041767109295199134e+02 0.000000000000000000e+00 3.009892685063512658e+02 4.298133954154727689e+02 4.261907216494845443e+02 4.235372733378106318e+02 3.242608471074379963e+02 2.817032051282051270e+02 1.070503519220357305e+02 3.299038153254248300e+02 6.204462046204620265e+02 3.103899688958009051e+02 4.772478485370051544e+02 4.272228989037758993e+02 2.189640657084189002e+02 2.790386100386100452e+02 5.170901007705987240e+02 4.242932232841008044e+02 3.293474135292316873e+02 3.516596032461677055e+02 2.195182879377431959e+02 3.126134411318847697e+02 3.161819918144611279e+02 4.655766773162939103e+02 3.898484995159728896e+02
4.906370894160584157e+02 3.868779174147217077e+02 4.454511997113476696e+02 2.625311783585511307e+02 3.253710847637586312e+02 2.421071428571428612e+02 3.340426078028747270e+02 3.711204747774480666e+02 3.587848598464560155e+02 3.871417147934251375e+02 2.507990286771507726e+02 3.417302307237231389e+02 4.099813917919959181e+02 3.815321543408360299e+02 3.299072094995759130e+02 3.518274210713018988e+02 3.673680272108843496e+02 3.205494389159432558e+02 3.009892685063512658e+02 0.000000000000000000e+00 5.405883116883117054e+02 4.192528275622063916e+02 4.361658041813288946e+02 3.878707620528771258e+02 4.255740472744814156e+02 4.555118541033434667e+02 3.593357954545454618e+02 4.673565326109606417e+02 4.257075535896563565e+02 4.197092427917003761e+02 3.721213740458015309e+02 3.331621709988556290e+02 3.039481696886760460e+02 4.320793835417272248e+02 3.986374243733794174e+02 4.118336033700583130e+02 3.880992382564536456e+02 4.437894599530393975e+02 4.642182269063856097e+02 3.388188046647230180e+02 3.801181886041303528e+02 4.062800256904303069e+02
6.094039076376553794e+02 5.473653419406899729e+02 6.420202498107494193e+02 4.496972143722244368e+02 5.299676863420938844e+02 4.938107965070124123e+02 6.115555324459234043e+02 3.195252606255011756e+02 4.544658036150464113e+02 6.458262521588945901e+02 5.399126103045829268e+02 3.037481190709846146e+02 6.591215846994535923e+02 4.773394220283533400e+02 5.006927252985884707e+02 4.428791208791208760e+02 6.189296264118157751e+02 4.569067796610169694e+02 4.298133954154727689e+02 5.405883116883117054e+02 0.000000000000000000e+00 2.152248117604876256e+02 5.708801903114186871e+02 1.947169049098819187e+02 4.905907140070229957e+02 3.161205702647657745e+02 2.528740973312401934e+02 3.327405886379192452e+02 1.282196095829636135e+02 5.938109107720757720e+02 5.285723095898858901e+02 2.507426937738246409e+02 4.445247345247345265e+02 6.012902178952248278e+02 4.327374005305039759e+02 1.929664192294096949e+02 3.416407697790448879e+02 4.010975329890992498e+02 5.099956363636363790e+02 3.249118188997104539e+02 4.733218510786360298e+02 4.218335273573923132e+02
5.521756249999999682e+02 4.539927783350050277e+02 5.379025452877780253e+02 3.903924229573084403e+02 1.704025667004390527e+02 3.521749629315822858e+02 4.534762231367169534e+02 2.778571428571428328e+02 2.511267605633802873e+02 4.005560344827586050e+02 4.490582986317668315e+02 2.778369468369468223e+02 5.211055295950155823e+02 3.444863896848137301e+02 3.278613595706618753e+02 2.803438504236050335e+02 3.365329536208299714e+02 4.463101604278074888e+02 4.261907216494845443e+02 4.192528275622063916e+02 2.152248117604876256e+02 0.000000000000000000e+00 4.870468916518649962e+02 4.343935742971887635e+02 5.070310186817060298e+02 5.547406161014755526e+02 3.574280098280098059e+02 2.340463449593884491e+02 4.171807384456493537e+02 4.943273942093541109e+02 4.476867823765019807e+02 3.774855539388900638e+02 4.138671028419545905e+02 4.548219248584662751e+02 4.065190707350901675e+02 3.914003215434083813e+02 3.479445972495088313e+02 5.120105529759391629e+02 5.210808955223880048e+02 4.058277099784637585e+02 3.467763527054108295e+02 3.787116477272727479e+02
5.909896507115136046e+02 5.389574573336631147e+02 5.740382445141066228e+02 2.958895705521472337e+02 5.022337807606264164e+02 5.901897360703812865e+02 5.242450980392156907e+02 5.549514745869065564e+02 4.389758778625954392e+02 4.644841075794620906e+02 3.895848513902205354e+02 4.884214942069516496e+02 1.568739255014326659e+02 5.293608284883721353e+02 4.453942976356050281e+02 5.471199418463775146e+02 3.920130641330166554e+02 4.203644375324001885e+02 4.235372733378106318e+02 4.361658041813288946e+02 5.708801903114186871e+02 4.870468916518649962e+02 0.000000000000000000e+00 4.586103896103896318e+02 2.418491620111731777e+02 3.784287439613526658e+02 3.344335778321108137e+02 5.992486631016042793e+02 4.405204476969436200e+02 3.088207547169811207e+01 2.047519954389965733e+02 2.950279050395668605e+02 2.280867306155076051e+02 6.657936507936507553e+01 3.017649918962723063e+02 3.504828741623231849e+02 2.738349514563107050e+02 3.589814241486068340e+02 2.246746987951807171e+02 2.227435897435897516e+02 2.829071161048689191e+02 2.248532818532818567e+02
4.905098772023491733e+02 4.299839857651245438e+02 5.025868535333596583e+02 2.928983894582723337e+02 3.854013916500994128e+02 3.960254006137060969e+02 5.104672384219554147e+02 3.001402730980670412e+02 3.402906199585157765e+02 4.768772713732499255e+02 3.882965211300490296e+02 2.480651260504201616e+02 5.282503245910153282e+02 4.036428571428571672e+02 3.952322875545397665e+02 4.072204324801411985e+02 4.545455528521221709e+02 3.761703163017031670e+02 3.242608471074379963e+02 3.878707620528771258e+02 1.947169049098819187e+02 4.343935742971887635e+02 4.586103896103896318e+02 0.000000000000000000e+00 4.258434976329713209e+02 3.494878796322095127e+02 3.114700295483326045e+02 4.493786251342642117e+02 1.630914786967418593e+02 5.072205927283837354e+02 4.085628755364807034e+02 2.058042535618418469e+02 3.158564375237371564e+02 5.106353624961761852e+02 3.869963177275118369e+02 2.402231366094521547e+02 3.491802923659989233e+02 3.697727109515260508e+02 4.722693752935650764e+02 3.318895218366994868e+02 4.246945304437564346e+02 4.014369011771146916e+02
5.799912035185925561e+02 5.018291027154663766e+02 5.699711593375213852e+02 2.709130757800891729e+02 5.423033210332102954e+02 5.665883874676630967e+02 5.036490341753343500e+02 4.688158176943699686e+02 5.610675909878682432e+02 4.971028571428571468e+02 4.368082658713250908e+02 5.052447075708647048e+02 3.146306818181818130e+02 5.805690265486725821e+02 3.428078703703703809e+02 4.622440997977073494e+02 1.699089861751152171e+02 2.999838243789716898e+02 2.817032051282051270e+02 4.255740472744814156e+02 4.905907140070229957e+02 5.070310186817060298e+02 2.418491620111731777e+02 4.258434976329713209e+02 0.000000000000000000e+00 5.338512920526571861e+02 3.917292497281623582e+02 5.467318116975749263e+02 5.560849778493757185e+02 2.726082474226803924e+02 3.097668292682926676e+02 3.774134466769706364e+02 3.025745276417075047e+02 2.935534759358288852e+02 3.805343750000000114e+02 4.877256505576208383e+02 3.364024461269656285e+02 4.502073515551366540e+02 9.911491442542786956e+01 2.788697743248242773e+02 3.151959334565619315e+02 2.889801324503310980e+02
5.110777414075286629e+02 4.903157368026019753e+02 5.817004436142890427e+02 1.520380601596071131e+02 5.677035443037974574e+02 5.905131420303833920e+02 4.972298822374877432e+02 3.947876694806856221e+02 5.089639111659469677e+02 5.459714003944773140e+02 3.998742878845423547e+02 4.940464547677261749e+02 5.420763033175355758e+02 5.253343465045592211e+02 4.439496350364963746e+02 5.069322478991596768e+02 5.658910081743869114e+02 1.692182502351834330e+02 1.070503519220357305e+02 4.555118541033434667e+02 3.161205702647657745e+02 5.547406161014755526e+02 3.784287439613526658e+02 3.494878796322095127e+02 5.338512920526571861e+02 0.000000000000000000e+00 3.443377893707205999e+02 6.612079422382671510e+02 2.980541259982254019e+02 5.206751754945755692e+02 5.517082368508104082e+02 2.369720998531571183e+02 4.055752994865944174e+02 5.910611353711790343e+02 5.447063679245283083e+02 3.724728260869565020e+02 3.514126163391933915e+02 3.198261474269819473e+02 3.733451178451178407e+02 3.509620101705055504e+02 5.044833132287897115e+02 4.349609483960948637e+02
5.187516034985422948e+02 4.263547667342799059e+02 5.080983290488431976e+02 3.027938596491227941e+02 3.820728094401205226e+02 3.254196782466775630e+02 3.504682478959448986e+02 2.732359523809523694e+02 3.499816053511705718e+02 3.808806438947781885e+02 3.204017038007863789e+02 3.164631611128095301e+02 3.914067289719625933e+02 3.765786322092656633e+02 3.038655717761557185e+02 3.303250534188034067e+02 2.528631221719456903e+02 3.010238989416183131e+02 3.299038153254248300e+02 3.593357954545454618e+02 2.528740973312401934e+02 3.574280098280098059e+02 3.344335778321108137e+02 3.114700295483326045e+02 3.917292497281623582e+02 3.443377893707205999e+02 0.000000000000000000e+00 4.958708487084870740e+02 4.581132669113791280e+02 3.580094808126410726e+02 3.755766312594840883e+02 3.300088137208194325e+02 3.725151063829787290e+02 3.725428824049513423e+02 3.713184796854521892e+02 4.267561374795417350e+02 2.603671641791044635e+02 4.072926208651399520e+02 3.392359625668449326e+02 2.066643281165677308e+02 2.888012209080503681e+02 2.917640364188163744e+02
6.694877521613832414e+02 6.130912244897958772e+02 5.812064090480678260e+02 6.541142857142857565e+02 2.819370731707317077e+02 4.726589734757147880e+02 5.837842676841796674e+02 4.326864864864865012e+02 4.121820475847152352e+02 5.969123085050184727e+02 6.224600811907984053e+02 3.607690100430415896e+02 5.391903754627181797e+02 4.593278201865987853e+02 4.381476543209876695e+02 3.439740048740861198e+02 5.572514840798704654e+02 6.226945781199871135e+02 6.204462046204620265e+02 4.673565326109606417e+02 3.327405886379192452e+02 2.340463449593884491e+02 5.992486631016042793e+02 4.493786251342642117e+02 5.467318116975749263e+02 6.612079422382671510e+02 4.958708487084870740e+02 0.000000000000000000e+00 6.231954967834167292e+02 5.414742900997697461e+02 3.701184687015002623e+02 3.660371759890859380e+02 4.030438340151957846e+02 5.280161104718066554e+02 2.705385365853658755e+02 3.558562223117197050e+02 3.070379426644182104e+02 5.392068155111633132e+02 5.378746383799420983e+02 3.229841223169656246e+02 2.985521927115503331e+02 4.605396687009589982e+02
5.149871071716357847e+02 4.276982682060390744e+02 5.494998747808665485e+02 2.776417973717677228e+02 4.301639102185469596e+02 4.675859357938414291e+02 4.732518602029312547e+02 2.536490442054958123e+02 3.587876984126984325e+02 4.735919003115265014e+02 3.970882712278558415e+02 2.873708124759337466e+02 5.540348178137651303e+02 4.645791271347248426e+02 4.140475144191156005e+02 3.305329512893982837e+02 4.472617635429023153e+02 2.632254720473898715e+02 3.103899688958009051e+02 4.257075535896563565e+02 1.282196095829636135e+02 4.171807384456493537e+02 4.405204476969436200e+02 1.630914786967418593e+02 5.560849778493757185e+02 2.980541259982254019e+02 4.581132669113791280e+02 6.231954967834167292e+02 0.000000000000000000e+00 5.646562814070351806e+02 4.641846246973365737e+02 2.076797366914711063e+02 3.336226708074534031e+02 5.278069226608977260e+02 3.689201720841300016e+02 1.676605733277939407e+02 3.159660114660114800e+02 2.788018271257905667e+02 4.752198013457225443e+02 3.374461332141260641e+02 4.363731744811683484e+02 3.928465134398130090e+02
6.443167451244115682e+02 5.408612716763005892e+02 5.513072487644151352e+02 3.954193888303477138e+02 5.419502982107355820e+02 6.134096165550821524e+02 5.077244414353419302e+02 5.365017964071856795e+02 5.100920526014865573e+02 5.334641350210970359e+02 3.451619256017505677e+02 5.333484444444444534e+02 1.744308681672025614e+02 5.837309589041095705e+02 3.237631389488840910e+02 5.104648395239812544e+02 4.582541899441340547e+02 4.309777003484320517e+02 4.772478485370051544e+02 4.197092427917003761e+02 5.938109107720757720e+02 4.943273942093541109e+02 3.088207547169811207e+01 5.072205927283837354e+02 2.726082474226803924e+02 5.206751754945755692e+02 3.580094808126410726e+02 5.414742900997697461e+02 5.646562814070351806e+02 0.000000000000000000e+00 2.499134078212290433e+02 3.387729236677868698e+02 2.620910706352731836e+02 8.839080459770114828e+01 3.777505518763796886e+02 4.985902461257976483e+02 2.928069565217391528e+02 4.058169014084506898e+02 2.593785714285714334e+02 2.608013816925733863e+02 2.875679758308157261e+02 2.730243632336655537e+02
4.260485549132948222e+02 5.452342523279166926e+02 4.693211382113821060e+02 3.833436293436293454e+02 3.936570535093815124e+02 4.468024249104436763e+02 4.664994179278230604e+02 4.961356677811015174e+02 4.347767779390420628e+02 4.861647982062780216e+02 4.765903490759753822e+02 4.369511834319526429e+02 2.489697149643705529e+02 4.532421908429610653e+02 3.664360421369450478e+02 4.098726645587812527e+02 4.979192188193519542e+02 4.286465874550980857e+02 4.272228989037758993e+02 3.721213740458015309e+02 5.285723095898858901e+02 4.476867823765019807e+02 2.047519954389965733e+02 4.085628755364807034e+02 3.097668292682926676e+02 5.517082368508104082e+02 3.755766312594840883e+02 3.701184687015002623e+02 4.641846246973365737e+02 2.499134078212290433e+02 0.000000000000000000e+00 3.221221185510428313e+02 2.762953929539295359e+02 3.850273410799726435e+02 3.146099957283212234e+02 3.654721906923950314e+02 2.851033994334277395e+02 4.614393638170973873e+02 4.747204388459975348e+02 2.844034814237464275e+02 3.467711088504577788e+02 3.380670960815888293e+02
5.237322515212981671e+02 4.000039898440333559e+02 5.035621610765213632e+02 2.134456349206349159e+02 3.951749890494962756e+02 3.785015784586815357e+02 3.888084795321637444e+02 3.251520905605258349e+02 3.654455690508322050e+02 3.861046228710462174e+02 3.334541237113402303e+02 3.309185792349726967e+02 3.769527131782945730e+02 3.941463414634146147e+02 3.180548556430446183e+02 3.567509523809523557e+02 1.526714570858283366e+02 2.437155679356236533e+02 2.189640657084189002e+02 3.331621709988556290e+02 2.507426937738246409e+02 3.774855539388900638e+02 2.950279050395668605e+02 2.058042535618418469e+02 3.774134466769706364e+02 2.369720998531571183e+02 3.300088137208194325e+02 3.660371759890859380e+02 2.076797366914711063e+02 3.387729236677868698e+02 3.221221185510428313e+02 0.000000000000000000e+00 3.504673670093875444e+02 3.435558633425669655e+02 3.489518145776151528e+02 3.658154085949677210e+02 2.408512840168646960e+02 3.832707870164517772e+02 2.464171924290220943e+02 2.448670568561873040e+02 3.033372921615201676e+02 2.537844748858447588e+02
3.041819464033850409e+02 3.993764077113953022e+02 4.361280516993776928e+02 2.324000000000000057e+02 3.947187270501835883e+02 3.845765713173769313e+02 4.235116906474819984e+02 3.610367688022284369e+02 3.794421600877192873e+02 4.300575566282955720e+02 3.093958632576845957e+02 3.789592555331992116e+02 2.744614822928076023e+02 4.673756645008859891e+02 3.560420145434958386e+02 3.898762809297675744e+02 3.958746422438466084e+02 2.809658994032395753e+02 2.790386100386100452e+02 3.039481696886760460e+02 4.445247345247345265e+02 4.138671028419545905e+02 2.280867306155076051e+02 3.158564375237371564e+02 3.025745276417075047e+02 4.055752994865944174e+02 3.725151063829787290e+02 4.030438340151957846e+02 3.336226708074534031e+02 2.620910706352731836e+02 2.762953929539295359e+02 3.504673670093875444e+02 0.000000000000000000e+00 4.341145725164416831e+02 3.804909395037635704e+02 3.473009595132225513e+02 3.008001946156340978e+02 3.559026819923371932e+02 4.290587726879861634e+02 3.343643491897543072e+02 3.996114613180515676e+02 3.757292318387208638e+02
6.136666666666666288e+02 5.921813355685945908e+02 5.575233611010503409e+02 5.451849082256968586e+02 5.377083616587354982e+02 5.970060606060606005e+02 5.259602776706517488e+02 5.455553571428571331e+02 5.726063268892794440e+02 5.449419448476052139e+02 5.311166500498504774e+02 5.383650934995547459e+02 1.805928338762215049e+02 5.888040752351097353e+02 3.261733723482077494e+02 4.381970802919707921e+02 4.641511312217194813e+02 5.152434033387183945e+02 5.170901007705987240e+02 4.320793835417272248e+02 6.012902178952248278e+02 4.548219248584662751e+02 6.657936507936507553e+01 5.106353624961761852e+02 2.935534759358288852e+02 5.910611353711790343e+02 3.725428824049513423e+02 5.280161104718066554e+02 5.278069226608977260e+02 8.839080459770114828e+01 3.850273410799726435e+02 3.435558633425669655e+02 4.341145725164416831e+02 0.000000000000000000e+00 4.523762711864407038e+02 4.794031731217918946e+02 3.131160572337042822e+02 4.700000000000000000e+02 3.442462987886945029e+02 2.390841487279843420e+02 2.336833527357392200e+02 2.107444089456868994e+02
5.051073573573573299e+02 5.833344534050179391e+02 4.591219621962196129e+02 3.806857275685727586e+02 3.372395409107737692e+02 5.027508122157245225e+02 5.252898443291327339e+02 4.808494414764448948e+02 3.978189757840412994e+02 5.597293700088731612e+02 4.309807928075194354e+02 3.545647058823529392e+02 3.454247948951686453e+02 4.261277123372597657e+02 3.892812731310140748e+02 3.847389024816497454e+02 5.120424028268550956e+02 4.430185528756957183e+02 4.242932232841008044e+02 3.986374243733794174e+02 4.327374005305039759e+02 4.065190707350901675e+02 3.017649918962723063e+02 3.869963177275118369e+02 3.805343750000000114e+02 5.447063679245283083e+02 3.713184796854521892e+02 2.705385365853658755e+02 3.689201720841300016e+02 3.777505518763796886e+02 3.146099957283212234e+02 3.489518145776151528e+02 3.804909395037635704e+02 4.523762711864407038e+02 0.000000000000000000e+00 3.950098389982110803e+02 2.353923487544483919e+02 4.898638211382113923e+02 4.705505300353356688e+02 1.945327564894932095e+02 2.269990732159406832e+02 2.244626576139670249e+02
5.512648221343873729e+02 4.554159257063821542e+02 5.204441279579316415e+02 2.804274277758440803e+02 3.181155764966740662e+02 4.476645478777937228e+02 4.432700127064803155e+02 2.296639363444886612e+02 3.058186885245901863e+02 4.311725612125923135e+02 4.260394228291677337e+02 2.874943705220061361e+02 4.869969708443771310e+02 4.318405599180607624e+02 3.608563283922462688e+02 3.343858681376411823e+02 4.178748577929465569e+02 3.086372692645766165e+02 3.293474135292316873e+02 4.118336033700583130e+02 1.929664192294096949e+02 3.914003215434083813e+02 3.504828741623231849e+02 2.402231366094521547e+02 4.877256505576208383e+02 3.724728260869565020e+02 4.267561374795417350e+02 3.558562223117197050e+02 1.676605733277939407e+02 4.985902461257976483e+02 3.654721906923950314e+02 3.658154085949677210e+02 3.473009595132225513e+02 4.794031731217918946e+02 3.950098389982110803e+02 0.000000000000000000e+00 2.762676881478143400e+02 2.988303030303030141e+02 3.878539823008849794e+02 2.908797073380675897e+02 3.545331023864511053e+02 3.281139800811508849e+02
4.632492041837198826e+02 4.576829268292682968e+02 4.235604490500863335e+02 2.970198598130841106e+02 3.805510413110276318e+02 5.326103927787264638e+02 4.353084799999999746e+02 3.994894091415830530e+02 3.658278070836473148e+02 4.816504401864319220e+02 2.296094541361845813e+02 3.634601393188854672e+02 2.690572951365755898e+02 4.213660267111853273e+02 3.810698822635776537e+02 3.968495244565217490e+02 2.665558598028477491e+02 3.447586516853932608e+02 3.516596032461677055e+02 3.880992382564536456e+02 3.416407697790448879e+02 3.479445972495088313e+02 2.738349514563107050e+02 3.491802923659989233e+02 3.364024461269656285e+02 3.514126163391933915e+02 2.603671641791044635e+02 3.070379426644182104e+02 3.159660114660114800e+02 2.928069565217391528e+02 2.851033994334277395e+02 2.408512840168646960e+02 3.008001946156340978e+02 3.131160572337042822e+02 2.353923487544483919e+02 2.762676881478143400e+02 0.000000000000000000e+00 4.438881262868908948e+02 4.241801020408163367e+02 2.337022653721682843e+02 2.584985250737462934e+02 2.636631330977620564e+02
5.636971556051311154e+02 4.964718397997496595e+02 5.356896293523025179e+02 1.646575481256332409e+02 5.483111401218450283e+02 5.903823335530652230e+02 5.286036156678942461e+02 4.176550308008213506e+02 5.270093066542577844e+02 5.453268698060942370e+02 4.046594778660613088e+02 4.590305380513814839e+02 4.243725135623869846e+02 5.787053892215568567e+02 3.753566155593412645e+02 4.555406288280930767e+02 8.796765119549930034e+01 2.316196363636363742e+02 2.195182879377431959e+02 4.437894599530393975e+02 4.010975329890992498e+02 5.120105529759391629e+02 3.589814241486068340e+02 3.697727109515260508e+02 4.502073515551366540e+02 3.198261474269819473e+02 4.072926208651399520e+02 5.392068155111633132e+02 2.788018271257905667e+02 4.058169014084506898e+02 4.614393638170973873e+02 3.832707870164517772e+02 3.559026819923371932e+02 4.700000000000000000e+02 4.898638211382113923e+02 2.988303030303030141e+02 4.438881262868908948e+02 0.000000000000000000e+00 2.033498759305210797e+02 2.886841673502871117e+02 3.694744623655914211e+02 3.402450980392156907e+02
