0.000000000000000000e+00 1.417948389284503264e+03 1.253354299025836553e+03 1.376385536075522623e+03 1.578534630882688361e+03 2.929623781747038265e+03 1.451623400673400738e+03 1.300943665228113332e+03 1.363082331730769283e+03 1.464382022471910204e+03 1.452010129118432815e+03 1.455089203834931141e+03 1.460179748405386363e+03 1.707637522334723144e+03 1.463535703433606841e+03 1.390239732955694990e+03 1.580805143235322021e+03 1.657192325262677059e+03 1.607832284682826185e+03 1.513637069582098775e+03 1.510235634648370478e+03 1.874889169041876812e+03 1.518029566626164524e+03 1.631038153165606900e+03 1.409341630471099279e+03 1.857495175388806956e+03 1.790846320840950739e+03 1.499767326277036318e+03 1.905283938283938369e+03 1.639961791044776191e+03 1.517630114295179737e+03 1.362737214027029495e+03 1.464396047430830095e+03 1.267550460422286278e+03 1.850721679545123152e+03 1.360609394442140228e+03 1.438261615628299978e+03 1.624960859634551525e+03 1.822563894223666694e+03 1.929629703188789563e+03 1.528628980773513376e+03 1.948558366091266407e+03 1.749200964630225144e+03
1.417948389284503264e+03 0.000000000000000000e+00 1.086437559650539697e+03 1.054088643986583520e+03 1.161520959580183671e+03 2.493503948025987029e+03 1.179155355011933125e+03 9.394853071521101811e+02 1.156134610926512551e+03 1.088319919729615549e+03 1.042329710144927503e+03 1.149717907351924396e+03 1.047740078937926000e+03 1.310527604166666606e+03 1.171934951549457992e+03 1.274552249134948170e+03 1.200475805779961775e+03 1.315355786844296517e+03 1.205675293925538881e+03 1.149132317903335661e+03 1.226921590508633926e+03 1.267363375475064004e+03 1.140798406549228957e+03 1.336898547155872848e+03 1.217618105477447671e+03 1.346152196435971746e+03 1.261261576399671185e+03 1.301085051720640877e+03 1.279302135787463158e+03 1.168264404720583116e+03 1.298147058823529505e+03 1.205163608348508205e+03 1.235530881781691050e+03 1.216751657497531369e+03 1.345787120418848190e+03 1.229241480935715572e+03 1.180411606203995689e+03 1.182179996603837708e+03 1.333964270613107828e+03 1.321412467338559054e+03 1.275740710963073525e+03 1.331949211440791260e+03 1.235320348496272118e+03
1.253354299025836553e+03 1.086437559650539697e+03 0.000000000000000000e+00 8.239049893842887968e+02 8.531507919288349058e+02 2.767144669143918691e+03 7.365554290053150908e+02 1.157117972001513408e+03 6.682344490294972275e+02 7.574987671715392707e+02 6.562367052023121232e+02 6.898282786885246196e+02 7.008556064073226253e+02 8.679962313616254050e+02 6.140836030204961844e+02 7.134527309299087392e+02 7.260932528798683734e+02 1.008059639909977477e+03 8.709943970457150044e+02 8.412514901712111168e+02 8.204117585411863729e+02 6.413631035445157522e+02 8.142834834834834510e+02 6.914888472352389499e+02 8.236450381679388784e+02 8.813388086942094333e+02 9.383678030838874520e+02 1.031046478606588380e+03 9.261776407957411266e+02 6.332629614267938223e+02 7.132168256721595299e+02 9.017795095367847580e+02 9.485423571796191027e+02 9.221277633289987534e+02 9.281798534110129140e+02 7.370240368223661562e+02 8.689775674006997406e+02 7.833041694242223230e+02 8.990374689351940560e+02 9.496608553527648837e+02 9.023394011737789242e+02 8.471716923076922967e+02 5.283696241766757566e+02
1.376385536075522623e+03 1.054088643986583520e+03 8.239049893842887968e+02 0.000000000000000000e+00 8.130858420593368692e+02 2.641627438471611185e+03 7.778417291889960552e+02 9.544427873272666147e+02 8.612846595570139243e+02 1.000969481180061052e+03 8.225301893987542599e+02 9.713607730851825863e+02 7.318559433849106881e+02 1.061309700781398988e+03 8.503930575035062702e+02 9.294698519310029496e+02 8.857638563622169841e+02 1.186061347926267217e+03 9.307546529175050409e+02 9.498715233477928450e+02 9.163003259983699991e+02 7.426298268974700250e+02 8.512300992282249581e+02 1.011801205919970812e+03 9.363219730070881042e+02 1.118277519091078375e+03 1.096699544270833258e+03 1.143844099126548826e+03 1.047833629749393594e+03 9.381069836552749166e+02 9.804010101010101152e+02 1.016749622622521883e+03 1.060890920621498708e+03 1.004378599099570692e+03 1.135088624853915007e+03 8.696328616352201379e+02 9.796289478978072793e+02 9.492289726759273663e+02 1.107478191911181511e+03 1.087952089526140981e+03 1.005290613344384610e+03 9.771815280978549936e+02 8.995049187828872164e+02
1.578534630882688361e+03 1.161520959580183671e+03 8.531507919288349058e+02 8.130858420593368692e+02 0.000000000000000000e+00 2.585240071364852611e+03 8.138584550164861184e+02 9.526157639656491938e+02 3.444962190884937741e+02 8.584224010510756671e+02 6.901414710485132673e+02 9.579265250438511430e+02 5.956179181349959890e+02 8.018687559354226551e+02 6.368327967374973468e+02 7.208667765622658408e+02 7.751820010729613841e+02 8.526085578446909494e+02 7.443871473354231512e+02 6.497770777077707862e+02 7.964416751787538260e+02 7.381156347186881703e+02 7.594226833428084547e+02 8.355073452256033306e+02 6.475376036602802969e+02 8.631234247590807627e+02 7.215705051879571101e+02 7.438634548842161394e+02 5.896940509915013990e+02 5.397770474329365697e+02 7.870584079133301429e+02 6.613096406522083726e+02 7.330642746150585936e+02 6.048263300846780339e+02 8.565065616797900248e+02 7.347530757234447947e+02 7.465270000000000437e+02 5.352142478345413110e+02 8.032463120250334896e+02 7.367717113665389661e+02 7.746836767720358239e+02 9.034107092398983241e+02 8.501904275686024448e+02
2.929623781747038265e+03 2.493503948025987029e+03 2.767144669143918691e+03 2.641627438471611185e+03 2.585240071364852611e+03 0.000000000000000000e+00 2.777978802726885533e+03 2.843604595633837562e+03 3.061825834879406102e+03 2.992098599970106079e+03 2.929273223274314660e+03 3.171958569299552892e+03 3.139670338677420204e+03 3.054561984334203771e+03 2.960449412503363419e+03 3.132044246451222989e+03 2.877965062263340769e+03 3.204037528252803895e+03 2.980499561051948604e+03 2.895825962135319514e+03 3.034590958622622111e+03 3.037023295870473248e+03 2.932918439337252948e+03 2.971457525244430144e+03 2.917151687155042509e+03 3.184701993439313810e+03 2.968445178917680096e+03 2.937243571201805935e+03 3.100877973866416596e+03 2.966766636637813008e+03 3.109957658128593721e+03 3.130496610638444963e+03 3.004123340725239814e+03 3.083696340872933433e+03 3.240910520839708624e+03 3.066922651715560278e+03 2.845186192266898161e+03 3.194521502825346033e+03 3.177455387557521135e+03 3.223608514118457151e+03 2.983167914070084407e+03 3.214371924021450468e+03 3.173580168684175987e+03
1.451623400673400738e+03 1.179155355011933125e+03 7.365554290053150908e+02 7.778417291889960552e+02 8.138584550164861184e+02 2.777978802726885533e+03 0.000000000000000000e+00 9.228310451106752907e+02 6.544225848321898411e+02 8.117593265735603154e+02 4.486258284415830531e+02 7.322291510142749758e+02 8.369931818181818244e+02 6.599801523194091715e+02 5.271693167168027685e+02 8.078328538985616660e+02 7.361597661958110166e+02 7.537957499121882847e+02 6.620518369401107748e+02 6.134687445585930163e+02 7.021341096919609299e+02 7.764832913518051782e+02 5.700392711834424517e+02 6.970142027114267194e+02 6.064928517682468510e+02 6.405025744347436785e+02 5.887297407634210913e+02 6.411143141153081615e+02 7.362735374771481247e+02 6.596031382228491111e+02 8.041745995939544400e+02 6.958202468252549124e+02 5.117189787234042342e+02 5.608868720205354066e+02 7.499080685971324556e+02 7.511616002795248050e+02 6.028618934509670453e+02 6.949725413826679414e+02 7.295740318906606490e+02 6.573470656820832119e+02 6.300293435239525479e+02 7.676228170083522855e+02 6.946283967391303804e+02
1.300943665228113332e+03 9.394853071521101811e+02 1.157117972001513408e+03 9.544427873272666147e+02 9.526157639656491938e+02 2.843604595633837562e+03 9.228310451106752907e+02 0.000000000000000000e+00 1.278406718963165076e+03 1.240792580469176301e+03 1.242640052787858849e+03 1.278258540372670723e+03 6.342770161671551250e+02 1.376792067543687381e+03 1.300908598726114633e+03 1.198188266431407101e+03 1.222585573355054748e+03 1.369052232958997138e+03 1.261720451584889361e+03 1.102447563317180311e+03 1.132824331530433483e+03 1.327749642474079337e+03 1.196270598577479404e+03 1.299569396315885569e+03 1.168441001451378725e+03 1.391279377431906596e+03 1.355869661674986219e+03 1.285169092691756532e+03 1.389695711104656766e+03 1.311508033664881395e+03 1.364115882285583439e+03 1.128987543252595060e+03 1.235189589772407999e+03 1.284686474087879105e+03 1.363662696140190064e+03 1.260987961622013017e+03 1.264300687406987436e+03 1.257226085356880048e+03 1.356254229485556380e+03 1.353294638069705115e+03 1.151819133362611637e+03 1.345914465528749815e+03 1.268192291579388439e+03
1.363082331730769283e+03 1.156134610926512551e+03 6.682344490294972275e+02 8.612846595570139243e+02 3.444962190884937741e+02 3.061825834879406102e+03 6.544225848321898411e+02 1.278406718963165076e+03 0.000000000000000000e+00 8.105948497854077459e+02 3.951853188929001135e+02 8.374777942264988724e+02 7.161476499446115440e+02 6.299479960251738930e+02 2.261801185590515217e+02 5.543201448871551520e+02 7.282474275023386099e+02 5.782865030674846594e+02 8.513870711877850681e+02 6.810751139908807090e+02 5.871952828632689716e+02 7.002465934897804800e+02 6.288041342611543314e+02 5.114589648269945883e+02 4.455282445839238790e+02 6.662971446501411492e+02 5.854333619948408796e+02 5.469629629629629335e+02 4.368434753211629413e+02 3.655306770098730453e+02 6.457693856998993169e+02 4.911659852820932315e+02 5.358803309993634230e+02 4.841751626898047789e+02 6.375739058629231977e+02 5.993241106719367508e+02 5.410829408686551005e+02 4.867277777777777601e+02 6.117577186963978875e+02 6.442136261542300417e+02 4.731011235955056122e+02 5.799471875000000409e+02 5.889503424657534651e+02
1.464382022471910204e+03 1.088319919729615549e+03 7.574987671715392707e+02 1.000969481180061052e+03 8.584224010510756671e+02 2.992098599970106079e+03 8.117593265735603154e+02 1.240792580469176301e+03 8.105948497854077459e+02 0.000000000000000000e+00 5.875975130890052469e+02 1.046680000000000064e+03 1.041704227812718273e+03 8.213469101123595237e+02 9.270284043441938593e+02 8.208767690714532819e+02 7.827807800152944537e+02 8.411066982809721821e+02 9.027626836706403992e+02 8.684285714285714448e+02 7.329108577835918368e+02 9.616858782435130024e+02 6.679053270770079962e+02 8.821961874503574563e+02 6.844422233057044878e+02 8.401710261569415934e+02 7.444175779667881443e+02 5.692235609103079241e+02 9.425547237076648344e+02 6.427084059993023857e+02 9.635677083333333712e+02 6.870464904284411887e+02 6.261277089783282008e+02 6.409036144578312815e+02 9.789398230088495438e+02 8.683367346938775881e+02 6.105321831453218238e+02 8.699096280848106062e+02 8.670118110236220446e+02 8.284225067385444845e+02 6.859214360041623877e+02 7.511953216374269005e+02 9.477362296353762758e+02
1.452010129118432815e+03 1.042329710144927503e+03 6.562367052023121232e+02 8.225301893987542599e+02 6.901414710485132673e+02 2.929273223274314660e+03 4.486258284415830531e+02 1.242640052787858849e+03 3.951853188929001135e+02 5.875975130890052469e+02 0.000000000000000000e+00 4.460880000000000223e+02 6.948959472724723128e+02 6.008637602179836676e+02 4.941914960629921438e+02 6.177978198272315922e+02 5.944673263629574649e+02 7.086549839834181057e+02 5.082024896265560301e+02 6.490516379789006578e+02 5.988456279809221314e+02 7.155281148867313732e+02 6.893281585466556862e+02 4.454760448521916487e+02 6.647726717557252414e+02 6.846971286581998584e+02 4.281748492678725029e+02 7.597160761256382102e+02 6.346838095238094866e+02 6.183918176267046647e+02 3.699319169483341625e+02 6.362339291852870247e+02 7.166754710903527439e+02 6.386119729877715372e+02 6.976775867661368693e+02 4.470955414012738629e+02 6.114974426662266751e+02 4.946824468085106332e+02 6.659589041095890707e+02 6.565888409961685284e+02 6.573668740279937310e+02 5.345438545874206966e+02 3.300838497994895988e+02
1.455089203834931141e+03 1.149717907351924396e+03 6.898282786885246196e+02 9.713607730851825863e+02 9.579265250438511430e+02 3.171958569299552892e+03 7.322291510142749758e+02 1.278258540372670723e+03 8.374777942264988724e+02 1.046680000000000064e+03 4.460880000000000223e+02 0.000000000000000000e+00 1.020615329640879054e+03 3.756417233560090949e+02 1.186458138173302132e+03 6.670649572649572292e+02 7.463535603715170055e+02 5.138495575221238596e+02 8.604187919463087155e+02 7.778722927557879530e+02 8.486407875185735747e+02 1.069389731621937017e+03 6.092734193975504695e+02 3.970145348837209553e+02 5.926300174520069959e+02 4.366838777660695428e+02 5.833798947983635799e+02 4.040926243567752749e+02 6.639069767441860677e+02 5.033569958847736530e+02 4.454885245901639337e+02 4.050230024213075239e+02 4.088215223097112698e+02 4.255912280701754185e+02 4.556462585034013841e+02 5.100097465886939290e+02 4.748954869358669839e+02 7.898149253731343151e+02 4.918981670061099862e+02 4.352204899777282776e+02 7.919714356681570280e+02 3.820736301369863099e+02 1.117096140100071580e+03
1.460179748405386363e+03 1.047740078937926000e+03 7.008556064073226253e+02 7.318559433849106881e+02 5.956179181349959890e+02 3.139670338677420204e+03 8.369931818181818244e+02 6.342770161671551250e+02 7.161476499446115440e+02 1.041704227812718273e+03 6.948959472724723128e+02 1.020615329640879054e+03 0.000000000000000000e+00 1.028832714382174117e+03 6.646142828323582989e+02 8.789890129363814140e+02 9.028346114889307046e+02 1.087005048037778806e+03 6.970610529654297807e+02 8.351850972242838225e+02 8.914096817570596158e+02 7.564036445734559493e+02 9.073762682504330996e+02 1.043003491755577215e+03 9.672983588002264241e+02 1.060440943582975933e+03 8.806373337998600164e+02 1.053563719253604859e+03 1.032485661708326916e+03 9.682600088639385376e+02 1.022626441515650754e+03 1.010071559633027505e+03 1.034463965001151337e+03 9.303102461362335589e+02 1.079953985872855810e+03 9.333369073546657546e+02 9.415476136875281554e+02 9.973337175792506741e+02 1.056975559663175090e+03 1.033025225225225313e+03 1.001343736407133520e+03 1.000970151636073410e+03 8.095816725283314099e+02
1.707637522334723144e+03 1.310527604166666606e+03 8.679962313616254050e+02 1.061309700781398988e+03 8.018687559354226551e+02 3.054561984334203771e+03 6.599801523194091715e+02 1.376792067543687381e+03 6.299479960251738930e+02 8.213469101123595237e+02 6.008637602179836676e+02 3.756417233560090949e+02 1.028832714382174117e+03 0.000000000000000000e+00 5.488770843258694185e+02 6.223657870791628284e+02 6.936261333333333141e+02 4.922279138827022962e+02 7.967665782493368170e+02 8.786887450199203613e+02 5.818410441974669993e+02 7.560644190246839571e+02 6.908688656476267624e+02 2.050335051546391867e+02 5.333328452903855350e+02 3.205004524886877562e+02 4.910770288858321919e+02 3.914067289719625933e+02 4.218037542662116266e+02 4.704224960254372263e+02 2.404895397489539732e+02 1.987840290381125214e+02 4.021182986264953456e+02 3.715254110612855243e+02 2.365283842794759721e+02 2.523404471544715477e+02 3.814835996635828224e+02 3.482253349573690571e+02 2.475964523281596428e+02 2.216737720111214003e+02 2.887484933708316817e+02 2.584749403341288598e+02 1.982531380753138137e+02
1.463535703433606841e+03 1.171934951549457992e+03 6.140836030204961844e+02 8.503930575035062702e+02 6.368327967374973468e+02 2.960449412503363419e+03 5.271693167168027685e+02 1.300908598726114633e+03 2.261801185590515217e+02 9.270284043441938593e+02 4.941914960629921438e+02 1.186458138173302132e+03 6.646142828323582989e+02 5.488770843258694185e+02 0.000000000000000000e+00 6.410978689818468865e+02 7.597206865804726021e+02 5.775063559322034052e+02 7.730178298522669138e+02 6.927016706443913563e+02 6.187934499441756770e+02 6.425620009394082217e+02 4.798408152734778014e+02 6.121792102598717520e+02 5.055068592057761521e+02 6.576890894175553512e+02 6.389015941140404493e+02 4.130403007518797267e+02 4.625174681463213915e+02 4.548623313732272777e+02 7.087649926864943382e+02 5.914043922756532083e+02 5.540305688463582783e+02 5.450381773399014946e+02 6.363189591078066769e+02 7.101404958677685499e+02 5.389787897691827538e+02 5.531261127596438882e+02 6.158556641748131142e+02 5.853675742574257583e+02 4.982914469158449720e+02 6.430565253532834049e+02 5.506840598154628879e+02
1.390239732955694990e+03 1.274552249134948170e+03 7.134527309299087392e+02 9.294698519310029496e+02 7.208667765622658408e+02 3.132044246451222989e+03 8.078328538985616660e+02 1.198188266431407101e+03 5.543201448871551520e+02 8.208767690714532819e+02 6.177978198272315922e+02 6.670649572649572292e+02 8.789890129363814140e+02 6.223657870791628284e+02 6.410978689818468865e+02 0.000000000000000000e+00 7.165874881516588175e+02 8.156021654636313087e+02 8.150395195660596528e+02 7.822018537590113283e+02 6.877896174863387841e+02 7.246639039725636167e+02 6.274672917110590333e+02 8.056016771488469885e+02 6.581343659942363047e+02 6.406432671081677199e+02 6.332530525030524586e+02 6.534779361846572101e+02 6.814730679156908764e+02 6.510849121205204710e+02 6.793312564901350470e+02 6.416469505783386467e+02 6.152217073170731965e+02 6.348018150600931904e+02 6.851701680672268822e+02 6.560305146108094050e+02 5.935034267912772066e+02 6.601746885617213820e+02 6.613089643167971872e+02 6.263303769401330783e+02 7.199748471615720291e+02 8.382307254623044628e+02 7.924091773011132318e+02
1.580805143235322021e+03 1.200475805779961775e+03 7.260932528798683734e+02 8.857638563622169841e+02 7.751820010729613841e+02 2.877965062263340769e+03 7.361597661958110166e+02 1.222585573355054748e+03 7.282474275023386099e+02 7.827807800152944537e+02 5.944673263629574649e+02 7.463535603715170055e+02 9.028346114889307046e+02 6.936261333333333141e+02 7.597206865804726021e+02 7.165874881516588175e+02 0.000000000000000000e+00 7.207214496418035878e+02 8.233517154661398081e+02 8.336422707423580505e+02 7.173798263193052662e+02 5.622244463373083363e+02 7.362647214854110871e+02 8.902821634867844978e+02 6.934148383855300608e+02 7.510339276869736977e+02 7.082965286491007646e+02 7.067544239797761065e+02 5.326559854897218429e+02 6.630444540353905722e+02 8.585520164397636336e+02 7.805572916666666288e+02 7.560756464685449600e+02 6.667622777307366277e+02 7.710644237652111315e+02 7.413188861985472613e+02 6.930855534709193080e+02 6.853225052582379249e+02 7.432490589711418352e+02 7.934235870230564842e+02 7.669900862068965353e+02 7.941036803364878551e+02 8.469263941808105756e+02
1.657192325262677059e+03 1.315355786844296517e+03 1.008059639909977477e+03 1.186061347926267217e+03 8.526085578446909494e+02 3.204037528252803895e+03 7.537957499121882847e+02 1.369052232958997138e+03 5.782865030674846594e+02 8.411066982809721821e+02 7.086549839834181057e+02 5.138495575221238596e+02 1.087005048037778806e+03 4.922279138827022962e+02 5.775063559322034052e+02 8.156021654636313087e+02 7.207214496418035878e+02 0.000000000000000000e+00 5.603390256152687243e+02 7.504753424657534424e+02 3.924063499314755745e+02 7.285580952380952340e+02 4.452658559847400852e+02 3.839873997709049149e+02 3.272322899505766145e+02 5.272531948881788821e+02 2.848420454545454277e+02 2.647293986636971113e+02 5.766341463414634063e+02 4.350058500914076944e+02 4.582541899441340547e+02 4.407266094420600666e+02 1.393184007707129126e+02 4.224431619447359481e+02 5.371076271186440181e+02 4.521894818252126811e+02 3.912354403409090651e+02 2.665558598028477491e+02 8.796765119549930034e+01 5.352146558105107488e+02 3.224709342560553864e+02 4.573451178451178407e+02 3.546428571428571672e+02
1.607832284682826185e+03 1.205675293925538881e+03 8.709943970457150044e+02 9.307546529175050409e+02 7.443871473354231512e+02 2.980499561051948604e+03 6.620518369401107748e+02 1.261720451584889361e+03 8.513870711877850681e+02 9.027626836706403992e+02 5.082024896265560301e+02 8.604187919463087155e+02 6.970610529654297807e+02 7.967665782493368170e+02 7.730178298522669138e+02 8.150395195660596528e+02 8.233517154661398081e+02 5.603390256152687243e+02 0.000000000000000000e+00 2.850498094719651476e+02 5.398943776405590143e+02 5.054492196878751429e+02 6.927661040303134996e+02 6.561577629382303485e+02 7.375666722717336370e+02 8.435518055227755667e+02 7.525655127081507771e+02 7.241132370847103630e+02 9.644446581196581292e+02 8.646620253164556971e+02 7.492276855621672667e+02 7.138864653243847442e+02 6.758734928229664547e+02 6.799745746511183597e+02 9.917015299026425055e+02 7.115086848635236265e+02 6.816595348837208803e+02 7.546766256590509556e+02 9.645320604160729090e+02 8.359243232157506327e+02 5.247234003319196063e+02 8.540658682634730212e+02 5.827254030016675870e+02
1.513637069582098775e+03 1.149132317903335661e+03 8.412514901712111168e+02 9.498715233477928450e+02 6.497770777077707862e+02 2.895825962135319514e+03 6.134687445585930163e+02 1.102447563317180311e+03 6.810751139908807090e+02 8.684285714285714448e+02 6.490516379789006578e+02 7.778722927557879530e+02 8.351850972242838225e+02 8.786887450199203613e+02 6.927016706443913563e+02 7.822018537590113283e+02 8.336422707423580505e+02 7.504753424657534424e+02 2.850498094719651476e+02 0.000000000000000000e+00 6.434705882352941444e+02 8.516749226006191975e+02 6.679618589150156822e+02 8.023537434706906879e+02 3.800253359770874795e+02 8.244792626728110463e+02 7.292511450381679197e+02 6.654361971556594426e+02 8.059789873417721537e+02 7.372683741648106661e+02 6.183868778280542529e+02 7.123430997876857873e+02 6.535543455050182047e+02 6.068775065387968652e+02 8.794408293460925279e+02 6.929970184853905266e+02 7.527042474065374336e+02 8.752717417489761829e+02 8.780450623202301585e+02 7.261447142506744967e+02 5.943115455100794406e+02 8.405667052023121641e+02 6.754721080446271344e+02
1.510235634648370478e+03 1.226921590508633926e+03 8.204117585411863729e+02 9.163003259983699991e+02 7.964416751787538260e+02 3.034590958622622111e+03 7.021341096919609299e+02 1.132824331530433483e+03 5.871952828632689716e+02 7.329108577835918368e+02 5.988456279809221314e+02 8.486407875185735747e+02 8.914096817570596158e+02 5.818410441974669993e+02 6.187934499441756770e+02 6.877896174863387841e+02 7.173798263193052662e+02 3.924063499314755745e+02 5.398943776405590143e+02 6.434705882352941444e+02 0.000000000000000000e+00 6.069731610337971688e+02 5.379882426712650840e+02 5.741808753370670502e+02 5.977065154159395206e+02 5.682883064516129252e+02 5.856868143241564439e+02 5.991258134490238945e+02 5.156642890013805527e+02 6.067267059814658978e+02 5.877212290502793621e+02 5.712809184205948441e+02 5.515731727437716927e+02 5.181121068650659254e+02 6.132623447440170139e+02 6.337898608349900087e+02 5.289963054187192029e+02 5.695222843912791859e+02 6.060901217861975283e+02 5.916450170357751404e+02 5.661358359716568884e+02 5.498010550113036743e+02 5.375350360183366547e+02
1.874889169041876812e+03 1.267363375475064004e+03 6.413631035445157522e+02 7.426298268974700250e+02 7.381156347186881703e+02 3.037023295870473248e+03 7.764832913518051782e+02 1.327749642474079337e+03 7.002465934897804800e+02 9.616858782435130024e+02 7.155281148867313732e+02 1.069389731621937017e+03 7.564036445734559493e+02 7.560644190246839571e+02 6.425620009394082217e+02 7.246639039725636167e+02 5.622244463373083363e+02 7.285580952380952340e+02 5.054492196878751429e+02 8.516749226006191975e+02 6.069731610337971688e+02 0.000000000000000000e+00 7.007848526794542749e+02 7.151079881656804673e+02 5.263923572539436009e+02 7.722965801886792860e+02 7.340439739413681082e+02 6.306616286938867688e+02 4.293807818561623435e+02 2.061803394625176793e+02 7.536906531091121906e+02 6.830718971398582653e+02 6.755385569055293900e+02 6.468753820832353085e+02 7.430364068064899357e+02 7.528093750000000455e+02 6.441060641535940476e+02 6.917016385424309419e+02 4.875627450980392155e+02 7.679288145207033267e+02 5.459474151320168858e+02 7.182575213911123910e+02 6.509338422391857648e+02
1.518029566626164524e+03 1.140798406549228957e+03 8.142834834834834510e+02 8.512300992282249581e+02 7.594226833428084547e+02 2.932918439337252948e+03 5.700392711834424517e+02 1.196270598577479404e+03 6.288041342611543314e+02 6.679053270770079962e+02 6.893281585466556862e+02 6.092734193975504695e+02 9.073762682504330996e+02 6.908688656476267624e+02 4.798408152734778014e+02 6.274672917110590333e+02 7.362647214854110871e+02 4.452658559847400852e+02 6.927661040303134996e+02 6.679618589150156822e+02 5.379882426712650840e+02 7.007848526794542749e+02 0.000000000000000000e+00 6.437392331932773004e+02 7.064592309790018589e+02 6.853569833788142205e+02 6.372136734267196516e+02 6.860800956365809498e+02 3.650217059003363147e+02 5.331588527302812963e+02 7.254209469153514647e+02 7.100991268618387267e+02 6.503003310736244202e+02 7.312946680528739307e+02 5.915048644892286802e+02 7.495350097550400505e+02 6.340001504664460299e+02 6.467546325878594189e+02 5.685001659475606175e+02 6.476193181818181301e+02 7.184258154059680237e+02 6.631935887803656442e+02 6.562561983471074427e+02
1.631038153165606900e+03 1.336898547155872848e+03 6.914888472352389499e+02 1.011801205919970812e+03 8.355073452256033306e+02 2.971457525244430144e+03 6.970142027114267194e+02 1.299569396315885569e+03 5.114589648269945883e+02 8.821961874503574563e+02 4.454760448521916487e+02 3.970145348837209553e+02 1.043003491755577215e+03 2.050335051546391867e+02 6.121792102598717520e+02 8.056016771488469885e+02 8.902821634867844978e+02 3.839873997709049149e+02 6.561577629382303485e+02 8.023537434706906879e+02 5.741808753370670502e+02 7.151079881656804673e+02 6.437392331932773004e+02 0.000000000000000000e+00 5.529642481598317545e+02 2.519096774193548356e+02 4.959148393676695719e+02 3.340154912352221572e+02 5.236438162544169472e+02 4.618855585831062740e+02 3.088207547169811207e+01 1.576279799247176925e+02 3.134169082125603722e+02 2.239365296803653109e+02 6.657936507936507553e+01 3.635136399064692228e+02 3.504828741623231849e+02 3.165253456221198007e+02 3.589814241486068340e+02 2.240958904109589014e+02 2.073110220440881903e+02 2.738668188736681941e+02 1.783278855975485158e+02
1.409341630471099279e+03 1.217618105477447671e+03 8.236450381679388784e+02 9.363219730070881042e+02 6.475376036602802969e+02 2.917151687155042509e+03 6.064928517682468510e+02 1.168441001451378725e+03 4.455282445839238790e+02 6.844422233057044878e+02 6.647726717557252414e+02 5.926300174520069959e+02 9.672983588002264241e+02 5.333328452903855350e+02 5.055068592057761521e+02 6.581343659942363047e+02 6.934148383855300608e+02 3.272322899505766145e+02 7.375666722717336370e+02 3.800253359770874795e+02 5.977065154159395206e+02 5.263923572539436009e+02 7.064592309790018589e+02 5.529642481598317545e+02 0.000000000000000000e+00 6.927556818181818699e+02 6.765658585858585639e+02 6.526583790765256481e+02 6.024997673336436037e+02 2.373999456964431261e+02 6.292521054061396626e+02 5.234378325123152536e+02 6.265079445571332144e+02 4.924820043746271381e+02 6.916531925849639038e+02 5.430897703549060225e+02 3.276058599237406952e+02 5.781119797168814785e+02 4.593198076345055370e+02 6.932116465863454096e+02 5.408332771977096627e+02 5.937418442801217680e+02 5.533767465069860236e+02
1.857495175388806956e+03 1.346152196435971746e+03 8.813388086942094333e+02 1.118277519091078375e+03 8.631234247590807627e+02 3.184701993439313810e+03 6.405025744347436785e+02 1.391279377431906596e+03 6.662971446501411492e+02 8.401710261569415934e+02 6.846971286581998584e+02 4.366838777660695428e+02 1.060440943582975933e+03 3.205004524886877562e+02 6.576890894175553512e+02 6.406432671081677199e+02 7.510339276869736977e+02 5.272531948881788821e+02 8.435518055227755667e+02 8.244792626728110463e+02 5.682883064516129252e+02 7.722965801886792860e+02 6.853569833788142205e+02 2.519096774193548356e+02 6.927556818181818699e+02 0.000000000000000000e+00 5.330746341463415092e+02 3.191677932405566480e+02 5.227811302681992629e+02 4.473687600644122426e+02 2.847396694214875765e+02 4.198217612193056993e+02 3.925873873873873663e+02 4.059310845121509033e+02 3.655868772782503129e+02 3.626523125996810109e+02 3.926708860759493405e+02 3.152746268656716211e+02 5.163879539415412410e+02 1.092076372315035826e+02 3.094491017964072057e+02 3.402034606205250498e+02 2.688550474547023441e+02
1.790846320840950739e+03 1.261261576399671185e+03 9.383678030838874520e+02 1.096699544270833258e+03 7.215705051879571101e+02 2.968445178917680096e+03 5.887297407634210913e+02 1.355869661674986219e+03 5.854333619948408796e+02 7.444175779667881443e+02 4.281748492678725029e+02 5.833798947983635799e+02 8.806373337998600164e+02 4.910770288858321919e+02 6.389015941140404493e+02 6.332530525030524586e+02 7.082965286491007646e+02 2.848420454545454277e+02 7.525655127081507771e+02 7.292511450381679197e+02 5.856868143241564439e+02 7.340439739413681082e+02 6.372136734267196516e+02 4.959148393676695719e+02 6.765658585858585639e+02 5.330746341463415092e+02 0.000000000000000000e+00 5.063701149425287440e+02 6.098437735849056480e+02 3.096845611285266386e+02 4.912945891783567163e+02 4.876516422082459599e+02 4.969180382935841180e+02 4.035984727966910555e+02 6.484394336654430617e+02 4.775544809800128974e+02 3.282477511244377979e+02 3.387450980392156907e+02 3.198261474269819473e+02 5.611203501094091735e+02 3.839492187500000000e+02 5.779538175046554898e+02 4.366690647482014356e+02
1.499767326277036318e+03 1.301085051720640877e+03 1.031046478606588380e+03 1.143844099126548826e+03 7.438634548842161394e+02 2.937243571201805935e+03 6.411143141153081615e+02 1.285169092691756532e+03 5.469629629629629335e+02 5.692235609103079241e+02 7.597160761256382102e+02 4.040926243567752749e+02 1.053563719253604859e+03 3.914067289719625933e+02 4.130403007518797267e+02 6.534779361846572101e+02 7.067544239797761065e+02 2.647293986636971113e+02 7.241132370847103630e+02 6.654361971556594426e+02 5.991258134490238945e+02 6.306616286938867688e+02 6.860800956365809498e+02 3.340154912352221572e+02 6.526583790765256481e+02 3.191677932405566480e+02 5.063701149425287440e+02 0.000000000000000000e+00 3.380868644067796822e+02 5.163446368446368524e+02 3.974896103896103909e+02 4.483171762366393409e+02 3.524090312417957307e+02 4.166193887297039282e+02 4.015695931477516183e+02 3.155546938775510171e+02 4.221382978723404449e+02 3.284389663379802755e+02 2.935239043824701071e+02 4.066118504435995078e+02 2.803683360258481230e+02 3.816580363147276671e+02 3.664395189003436144e+02
1.905283938283938369e+03 1.279302135787463158e+03 9.261776407957411266e+02 1.047833629749393594e+03 5.896940509915013990e+02 3.100877973866416596e+03 7.362735374771481247e+02 1.389695711104656766e+03 4.368434753211629413e+02 9.425547237076648344e+02 6.346838095238094866e+02 6.639069767441860677e+02 1.032485661708326916e+03 4.218037542662116266e+02 4.625174681463213915e+02 6.814730679156908764e+02 5.326559854897218429e+02 5.766341463414634063e+02 9.644446581196581292e+02 8.059789873417721537e+02 5.156642890013805527e+02 4.293807818561623435e+02 3.650217059003363147e+02 5.236438162544169472e+02 6.024997673336436037e+02 5.227811302681992629e+02 6.098437735849056480e+02 3.380868644067796822e+02 0.000000000000000000e+00 6.036779604159678456e+02 6.357392857142857565e+02 3.519586990191016866e+02 5.202054276880796806e+02 5.208369596750798109e+02 5.339624413145539847e+02 2.705385365853658755e+02 3.589252711932502962e+02 5.127544286210489872e+02 5.547895953757225698e+02 5.428017492711370551e+02 4.770798397863818536e+02 3.109245175936435999e+02 6.066478981874276997e+02
1.639961791044776191e+03 1.168264404720583116e+03 6.332629614267938223e+02 9.381069836552749166e+02 5.397770474329365697e+02 2.966766636637813008e+03 6.596031382228491111e+02 1.311508033664881395e+03 3.655306770098730453e+02 6.427084059993023857e+02 6.183918176267046647e+02 5.033569958847736530e+02 9.682600088639385376e+02 4.704224960254372263e+02 4.548623313732272777e+02 6.510849121205204710e+02 6.630444540353905722e+02 4.350058500914076944e+02 8.646620253164556971e+02 7.372683741648106661e+02 6.067267059814658978e+02 2.061803394625176793e+02 5.331588527302812963e+02 4.618855585831062740e+02 2.373999456964431261e+02 4.473687600644122426e+02 3.096845611285266386e+02 5.163446368446368524e+02 6.036779604159678456e+02 0.000000000000000000e+00 5.973864840989399454e+02 4.444255118110236253e+02 5.105681195516812068e+02 4.800297534712383367e+02 5.528600666349357198e+02 3.900121665886757114e+02 5.303184325108853727e+02 5.629253588516746731e+02 5.427633993239981010e+02 5.980916508022844482e+02 4.247371512481644800e+02 5.610935504469987336e+02 4.940467196819085416e+02
1.517630114295179737e+03 1.298147058823529505e+03 7.132168256721595299e+02 9.804010101010101152e+02 7.870584079133301429e+02 3.109957658128593721e+03 8.041745995939544400e+02 1.364115882285583439e+03 6.457693856998993169e+02 9.635677083333333712e+02 3.699319169483341625e+02 4.454885245901639337e+02 1.022626441515650754e+03 2.404895397489539732e+02 7.087649926864943382e+02 6.793312564901350470e+02 8.585520164397636336e+02 4.582541899441340547e+02 7.492276855621672667e+02 6.183868778280542529e+02 5.877212290502793621e+02 7.536906531091121906e+02 7.254209469153514647e+02 3.088207547169811207e+01 6.292521054061396626e+02 2.847396694214875765e+02 4.912945891783567163e+02 3.974896103896103909e+02 6.357392857142857565e+02 5.973864840989399454e+02 0.000000000000000000e+00 4.648036605657238169e+02 3.391490242460082527e+02 2.628751933986591212e+02 8.839080459770114828e+01 4.246642182581322231e+02 4.492839447355883635e+02 4.000000000000000000e+02 4.058169014084506898e+02 2.607772020725388415e+02 2.672021033379057826e+02 2.483147153598281420e+02 2.730243632336655537e+02
1.362737214027029495e+03 1.205163608348508205e+03 9.017795095367847580e+02 1.016749622622521883e+03 6.613096406522083726e+02 3.130496610638444963e+03 6.958202468252549124e+02 1.128987543252595060e+03 4.911659852820932315e+02 6.870464904284411887e+02 6.362339291852870247e+02 4.050230024213075239e+02 1.010071559633027505e+03 1.987840290381125214e+02 5.914043922756532083e+02 6.416469505783386467e+02 7.805572916666666288e+02 4.407266094420600666e+02 7.138864653243847442e+02 7.123430997876857873e+02 5.712809184205948441e+02 6.830718971398582653e+02 7.100991268618387267e+02 1.576279799247176925e+02 5.234378325123152536e+02 4.198217612193056993e+02 4.876516422082459599e+02 4.483171762366393409e+02 3.519586990191016866e+02 4.444255118110236253e+02 4.648036605657238169e+02 0.000000000000000000e+00 4.240393849473967975e+02 3.366050917702782499e+02 3.235421166306695682e+02 3.796051038062283851e+02 3.497677981375788363e+02 3.852209131075110236e+02 4.223909090909090764e+02 4.540290032679738488e+02 3.876558572146807364e+02 3.075991861648016084e+02 3.669190158892875502e+02
1.464396047430830095e+03 1.235530881781691050e+03 9.485423571796191027e+02 1.060890920621498708e+03 7.330642746150585936e+02 3.004123340725239814e+03 5.117189787234042342e+02 1.235189589772407999e+03 5.358803309993634230e+02 6.261277089783282008e+02 7.166754710903527439e+02 4.088215223097112698e+02 1.034463965001151337e+03 4.021182986264953456e+02 5.540305688463582783e+02 6.152217073170731965e+02 7.560756464685449600e+02 1.393184007707129126e+02 6.758734928229664547e+02 6.535543455050182047e+02 5.515731727437716927e+02 6.755385569055293900e+02 6.503003310736244202e+02 3.134169082125603722e+02 6.265079445571332144e+02 3.925873873873873663e+02 4.969180382935841180e+02 3.524090312417957307e+02 5.202054276880796806e+02 5.105681195516812068e+02 3.391490242460082527e+02 4.240393849473967975e+02 0.000000000000000000e+00 3.554779944289693390e+02 4.128050052137643320e+02 3.326159802886307375e+02 3.853091082954817352e+02 3.112033346888979395e+02 4.162564766839378194e+02 2.608973418881759585e+02 3.077074045605943979e+02 3.466276595744681117e+02 3.277318944844124644e+02
1.267550460422286278e+03 1.216751657497531369e+03 9.221277633289987534e+02 1.004378599099570692e+03 6.048263300846780339e+02 3.083696340872933433e+03 5.608868720205354066e+02 1.284686474087879105e+03 4.841751626898047789e+02 6.409036144578312815e+02 6.386119729877715372e+02 4.255912280701754185e+02 9.303102461362335589e+02 3.715254110612855243e+02 5.450381773399014946e+02 6.348018150600931904e+02 6.667622777307366277e+02 4.224431619447359481e+02 6.799745746511183597e+02 6.068775065387968652e+02 5.181121068650659254e+02 6.468753820832353085e+02 7.312946680528739307e+02 2.239365296803653109e+02 4.924820043746271381e+02 4.059310845121509033e+02 4.035984727966910555e+02 4.166193887297039282e+02 5.208369596750798109e+02 4.800297534712383367e+02 2.628751933986591212e+02 3.366050917702782499e+02 3.554779944289693390e+02 0.000000000000000000e+00 4.883256603773584743e+02 4.123026670662271727e+02 3.537705403404885374e+02 3.821076779026217309e+02 3.693011314186248910e+02 5.420997382960163122e+02 3.932642577274706355e+02 4.151797682430316172e+02 3.835513725490196180e+02
1.850721679545123152e+03 1.345787120418848190e+03 9.281798534110129140e+02 1.135088624853915007e+03 8.565065616797900248e+02 3.240910520839708624e+03 7.499080685971324556e+02 1.363662696140190064e+03 6.375739058629231977e+02 9.789398230088495438e+02 6.976775867661368693e+02 4.556462585034013841e+02 1.079953985872855810e+03 2.365283842794759721e+02 6.363189591078066769e+02 6.851701680672268822e+02 7.710644237652111315e+02 5.371076271186440181e+02 9.917015299026425055e+02 8.794408293460925279e+02 6.132623447440170139e+02 7.430364068064899357e+02 5.915048644892286802e+02 6.657936507936507553e+01 6.916531925849639038e+02 3.655868772782503129e+02 6.484394336654430617e+02 4.015695931477516183e+02 5.339624413145539847e+02 5.528600666349357198e+02 8.839080459770114828e+01 3.235421166306695682e+02 4.128050052137643320e+02 4.883256603773584743e+02 0.000000000000000000e+00 4.523762711864407038e+02 4.522287081339712813e+02 4.050283085633404312e+02 4.390000000000000000e+02 2.709580838323353191e+02 2.790615996025832146e+02 2.550509885535900025e+02 2.107444089456868994e+02
1.360609394442140228e+03 1.229241480935715572e+03 7.370240368223661562e+02 8.696328616352201379e+02 7.347530757234447947e+02 3.066922651715560278e+03 7.511616002795248050e+02 1.260987961622013017e+03 5.993241106719367508e+02 8.683367346938775881e+02 4.470955414012738629e+02 5.100097465886939290e+02 9.333369073546657546e+02 2.523404471544715477e+02 7.101404958677685499e+02 6.560305146108094050e+02 7.413188861985472613e+02 4.521894818252126811e+02 7.115086848635236265e+02 6.929970184853905266e+02 6.337898608349900087e+02 7.528093750000000455e+02 7.495350097550400505e+02 3.635136399064692228e+02 5.430897703549060225e+02 3.626523125996810109e+02 4.775544809800128974e+02 3.155546938775510171e+02 2.705385365853658755e+02 3.900121665886757114e+02 4.246642182581322231e+02 3.796051038062283851e+02 3.326159802886307375e+02 4.123026670662271727e+02 4.523762711864407038e+02 0.000000000000000000e+00 2.281702917771883392e+02 2.486631871955462714e+02 4.898638211382113923e+02 4.852503486750348429e+02 2.901445229681978617e+02 3.631006289308176065e+02 4.358141865844256131e+02
1.438261615628299978e+03 1.180411606203995689e+03 8.689775674006997406e+02 9.796289478978072793e+02 7.465270000000000437e+02 2.845186192266898161e+03 6.028618934509670453e+02 1.264300687406987436e+03 5.410829408686551005e+02 6.105321831453218238e+02 6.114974426662266751e+02 4.748954869358669839e+02 9.415476136875281554e+02 3.814835996635828224e+02 5.389787897691827538e+02 5.935034267912772066e+02 6.930855534709193080e+02 3.912354403409090651e+02 6.816595348837208803e+02 7.527042474065374336e+02 5.289963054187192029e+02 6.441060641535940476e+02 6.340001504664460299e+02 3.504828741623231849e+02 3.276058599237406952e+02 3.926708860759493405e+02 3.282477511244377979e+02 4.221382978723404449e+02 3.589252711932502962e+02 5.303184325108853727e+02 4.492839447355883635e+02 3.497677981375788363e+02 3.853091082954817352e+02 3.537705403404885374e+02 4.522287081339712813e+02 2.281702917771883392e+02 0.000000000000000000e+00 3.161031128404669062e+02 2.988303030303030141e+02 5.016625247105337735e+02 3.672685640915900080e+02 3.779536024141833082e+02 4.162911222780569460e+02
