0.000000000000000000e+00 5.530899241603466407e+02 4.246109870477891945e+02 5.558212435233160704e+02 6.259884533576420154e+02 5.749314456035767762e+02 5.829613721533582975e+02 5.631454043194374890e+02 5.381601139601139039e+02 5.801101321585903179e+02 3.910938383267382505e+02 5.183606259097525708e+02 5.539297205757832216e+02 6.207238990598713144e+02 4.594613745338305648e+02 4.605122887864823156e+02 5.843794506612410942e+02 5.470466358134567599e+02 5.737950070323488490e+02 5.168614049362624883e+02 6.094039076376553794e+02 5.521756249999999682e+02 5.909896507115136046e+02 5.014714056654195815e+02 5.799912035185925561e+02 5.110777414075286629e+02 5.187516034985422948e+02 6.694877521613832414e+02 4.982882375046974630e+02 6.443167451244115682e+02 3.958350234009360520e+02 5.570469948849105322e+02 3.099873217115689386e+02 6.136666666666666288e+02 5.051073573573573299e+02 5.512648221343873729e+02 4.632492041837198826e+02 5.636971556051311154e+02 6.582715063520871581e+02 4.534512670565302415e+02 5.501402714932127083e+02 5.335202380952381418e+02
5.530899241603466407e+02 0.000000000000000000e+00 4.760715009114846907e+02 4.660591166477915976e+02 4.918154485846793591e+02 5.969738419618528269e+02 2.800447925860547116e+02 4.366420153714773846e+02 4.563935483870967573e+02 4.986516320474777331e+02 4.756207051426005137e+02 4.910629964899316633e+02 5.317795862068965107e+02 5.339631336405529964e+02 4.536523090586145486e+02 3.448036354939009698e+02 5.233576744186046881e+02 4.255331632653061433e+02 4.424677495291902005e+02 4.319423938223937967e+02 5.575646526274355210e+02 4.697864374403056331e+02 5.516441084713222835e+02 4.395939959729086581e+02 5.181927676537585512e+02 5.046076195098277140e+02 4.708201395812562282e+02 6.217840366242038499e+02 4.370692459881292393e+02 5.590594744121715394e+02 5.339404583020285600e+02 4.692453531598512768e+02 4.406183020948180911e+02 6.046753983256818401e+02 5.806014922097871249e+02 4.628962750716332266e+02 4.821296861377506389e+02 5.139819277108433653e+02 5.206098369715391527e+02 4.190642831983092833e+02 4.866496615087040709e+02 5.159167261479894933e+02
4.246109870477891945e+02 4.760715009114846907e+02 0.000000000000000000e+00 5.157700910273082400e+02 6.093332009531374069e+02 6.033310281235592356e+02 5.404546275395033490e+02 5.760642736327757802e+02 5.650087556381002969e+02 5.977332670642809944e+02 4.080830553702468251e+02 5.371068543734132845e+02 5.166923777710294416e+02 6.057109721136304188e+02 5.406966796290756747e+02 4.958034777808446165e+02 6.058725624828343825e+02 5.215245110490220668e+02 5.788623205460107783e+02 4.589044572843582159e+02 6.420202498107494193e+02 5.379025452877780253e+02 5.740382445141066228e+02 5.106995258790991556e+02 5.699711593375213852e+02 5.817004436142890427e+02 5.080983290488431976e+02 5.812064090480678260e+02 5.373681687440076757e+02 5.513072487644151352e+02 4.485159879748565004e+02 5.245444587628866202e+02 4.505667356440765730e+02 5.575233611010503409e+02 4.591219621962196129e+02 5.204441279579316415e+02 4.235604490500863335e+02 5.356896293523025179e+02 6.384149076517149979e+02 4.721613387685046064e+02 4.960376779235277809e+02 5.076322136089577839e+02
5.558212435233160704e+02 4.660591166477915976e+02 5.157700910273082400e+02 0.000000000000000000e+00 5.255672301690507311e+02 5.528999060150375726e+02 3.730742796722178127e+02 3.288335038363171634e+02 4.465747957259584950e+02 4.672391437308868376e+02 2.261181567546278188e+02 3.641552376945729748e+02 3.493177700348431927e+02 5.576707964601770300e+02 4.095676435166599845e+02 3.860507936507936506e+02 1.637092238470191319e+02 7.425595238095237960e+01 8.726525529265255443e+01 3.019126483211310301e+02 4.496972143722244368e+02 3.903924229573084403e+02 2.958895705521472337e+02 2.989603812928209550e+02 2.709130757800891729e+02 1.520380601596071131e+02 3.036217548471902887e+02 6.541142857142857565e+02 2.709863234111021484e+02 3.954193888303477138e+02 3.575318291700241957e+02 2.176824353920280259e+02 2.241549079754601337e+02 5.451849082256968586e+02 3.806857275685727586e+02 2.804274277758440803e+02 2.729833780160857941e+02 1.646575481256332409e+02 3.019937393284006930e+02 2.747078045685279335e+02 4.165225225225225358e+02 3.500019710906701675e+02
6.259884533576420154e+02 4.918154485846793591e+02 6.093332009531374069e+02 5.255672301690507311e+02 0.000000000000000000e+00 4.778816990869392498e+02 3.819276937618147372e+02 3.569486363636363535e+02 1.306360567184334798e+02 4.587117822520506820e+02 3.056010728402033010e+02 3.790629084967320068e+02 4.541868512110726783e+02 1.469961868446139306e+02 5.233344768439108066e+02 3.035395377128953669e+02 5.533560209424083496e+02 5.016073519082182202e+02 5.808485543827443962e+02 3.570159278449434055e+02 5.299676863420938844e+02 1.704025667004390527e+02 5.022337807606264164e+02 3.890094529364440632e+02 5.423033210332102954e+02 5.677035443037974574e+02 3.769867132867132682e+02 2.819370731707317077e+02 4.119097621000820482e+02 5.419502982107355820e+02 3.589015099519560863e+02 4.059281589281589504e+02 4.045600103466114774e+02 5.377083616587354982e+02 3.372395409107737692e+02 3.181155764966740662e+02 3.704192691029900288e+02 5.483111401218450283e+02 5.546689989235737812e+02 3.198562264985622505e+02 3.718741949334478250e+02 4.347777127815150493e+02
5.749314456035767762e+02 5.969738419618528269e+02 6.033310281235592356e+02 5.528999060150375726e+02 4.778816990869392498e+02 0.000000000000000000e+00 4.162087556609877197e+02 3.410113886113886110e+02 3.241672661870503589e+02 5.825359404096834623e+02 4.655269620928991117e+02 4.818107360265633474e+02 5.173889739663093223e+02 3.979469194312796390e+02 3.424217524718717982e+02 4.463528941050947196e+02 5.879092521430683291e+02 5.249837929366231037e+02 5.747648597242035748e+02 3.405391229578675620e+02 4.675658103393593592e+02 4.084340446168768040e+02 5.779996433666191251e+02 3.697492697176241450e+02 5.535524009814230340e+02 5.842039193410962525e+02 2.740510510510510471e+02 4.305019762845849982e+02 4.823215859030837009e+02 6.104466165413533645e+02 4.534835874903075705e+02 4.062607953159306931e+02 4.152135114696243932e+02 5.879940417080437101e+02 4.973569201995012463e+02 4.402412353923205615e+02 5.157771379211056910e+02 5.811229235880398392e+02 6.090132325141777301e+02 3.463499428571428780e+02 4.795007299270072849e+02 4.776639824304538706e+02
5.829613721533582975e+02 2.800447925860547116e+02 5.404546275395033490e+02 3.730742796722178127e+02 3.819276937618147372e+02 4.162087556609877197e+02 0.000000000000000000e+00 4.780261498516320557e+02 4.666316266425011463e+02 5.771651832460732976e+02 3.359160054719562254e+02 5.392601591956430411e+02 4.676627527723418325e+02 5.150046262478695098e+02 4.501581541218637881e+02 2.984544253632760729e+02 5.743317610062892982e+02 4.145927557513460329e+02 4.585903104421448688e+02 3.704737914428598060e+02 6.115555324459234043e+02 4.534762231367169534e+02 5.242450980392156907e+02 5.140272554769708222e+02 5.036490341753343500e+02 4.972298822374877432e+02 3.738992788461538339e+02 5.837842676841796674e+02 4.722884963768116222e+02 5.077244414353419302e+02 4.548415793321959768e+02 4.137591555364066949e+02 4.365082595163993346e+02 5.259602776706517488e+02 5.252898443291327339e+02 4.432700127064803155e+02 4.216816326530612287e+02 5.286036156678942461e+02 5.296557295550584286e+02 3.783576309794988788e+02 3.766220322886989607e+02 4.798956397426733247e+02
5.631454043194374890e+02 4.366420153714773846e+02 5.760642736327757802e+02 3.288335038363171634e+02 3.569486363636363535e+02 3.410113886113886110e+02 4.780261498516320557e+02 0.000000000000000000e+00 4.100683516483516655e+02 6.055041012420904281e+02 3.619011896091284370e+02 2.860741708017758924e+02 4.785951677852348780e+02 3.785104975553638269e+02 5.031451857467778837e+02 3.813140379657839389e+02 4.813144387413523759e+02 3.319886047100531528e+02 3.894544322709163566e+02 4.164906099385075890e+02 3.356871181938910809e+02 2.960832007274380544e+02 5.737839620696763632e+02 3.221582622187742686e+02 4.840705913692061699e+02 4.097998982964658126e+02 3.591901336073997868e+02 4.491130262786097660e+02 2.712040533037201726e+02 5.530422116527943217e+02 4.994750625842480076e+02 3.923612174578866529e+02 4.191318832059573083e+02 5.619338061465721239e+02 5.033269461077844085e+02 2.440451021846370736e+02 4.061799568965517437e+02 4.375105227427019940e+02 5.439023511967803870e+02 4.667458563535911367e+02 4.745033407572383339e+02 4.967589243217515218e+02
5.381601139601139039e+02 4.563935483870967573e+02 5.650087556381002969e+02 4.465747957259584950e+02 1.306360567184334798e+02 3.241672661870503589e+02 4.666316266425011463e+02 4.100683516483516655e+02 0.000000000000000000e+00 3.916005904681568950e+02 2.755067829457364610e+02 3.071733373457718699e+02 4.713587081891579942e+02 2.309665252239509527e+02 3.923855341738553193e+02 2.720457813091184107e+02 5.102757723577235538e+02 4.237362058276503376e+02 4.696250000000000000e+02 3.597612153344208537e+02 4.544658036150464113e+02 2.511267605633802873e+02 4.389758778625954392e+02 3.496140715109573307e+02 5.610675909878682432e+02 5.089639111659469677e+02 3.499816053511705718e+02 4.121820475847152352e+02 3.526832160059281023e+02 5.100920526014865573e+02 4.136424809830310210e+02 3.783201552267765919e+02 3.908732014388489233e+02 5.726063268892794440e+02 3.978189757840412994e+02 3.058186885245901863e+02 3.658278070836473148e+02 5.270093066542577844e+02 5.632772568979372636e+02 2.819052178075634174e+02 4.007850812407680792e+02 3.626672473867595841e+02
5.801101321585903179e+02 4.986516320474777331e+02 5.977332670642809944e+02 4.672391437308868376e+02 4.587117822520506820e+02 5.825359404096834623e+02 5.771651832460732976e+02 6.055041012420904281e+02 3.916005904681568950e+02 0.000000000000000000e+00 3.671111716621253436e+02 5.427544642857143344e+02 4.464506612410986577e+02 3.544785812989405827e+02 4.501953302961275654e+02 4.087002288329519502e+02 5.523354735152488502e+02 4.256764397905758983e+02 4.825912492803684586e+02 3.935944809461234968e+02 6.458262521588945901e+02 4.005560344827586050e+02 4.644841075794620906e+02 4.890942439606322978e+02 4.971028571428571468e+02 5.459714003944773140e+02 3.808806438947781885e+02 5.969123085050184727e+02 4.583297609233305820e+02 5.334641350210970359e+02 4.430365088419851531e+02 4.139883341110592596e+02 4.527060058798824116e+02 5.449419448476052139e+02 5.597293700088731612e+02 4.311725612125923135e+02 4.816504401864319220e+02 5.453268698060942370e+02 4.780843720038350853e+02 2.970120746432491501e+02 4.364121355397950879e+02 3.623407859078590718e+02
3.910938383267382505e+02 4.756207051426005137e+02 4.080830553702468251e+02 2.261181567546278188e+02 3.056010728402033010e+02 4.655269620928991117e+02 3.359160054719562254e+02 3.619011896091284370e+02 2.755067829457364610e+02 3.671111716621253436e+02 0.000000000000000000e+00 4.661372393771443399e+02 3.312734063745019739e+02 5.439485903814262429e+02 4.176019948519948457e+02 3.491685570258349003e+02 5.449919999999999618e+02 2.915202702702702595e+02 3.623892921960072613e+02 3.099573928480851919e+02 5.399126103045829268e+02 4.490582986317668315e+02 3.895848513902205354e+02 3.980280242877159935e+02 4.368082658713250908e+02 3.998742878845423547e+02 4.182582499999999754e+02 6.224600811907984053e+02 3.927382123228232444e+02 3.451619256017505677e+02 4.569523932729624676e+02 3.524750348675034957e+02 3.119323594791997607e+02 5.311166500498504774e+02 4.309807928075194354e+02 4.260394228291677337e+02 2.451427357689040036e+02 4.046594778660613088e+02 4.792576195059351676e+02 3.410004976362279194e+02 3.802271771140092369e+02 3.320478180129990733e+02
5.183606259097525708e+02 4.910629964899316633e+02 5.371068543734132845e+02 3.641552376945729748e+02 3.790629084967320068e+02 4.818107360265633474e+02 5.392601591956430411e+02 2.860741708017758924e+02 3.071733373457718699e+02 5.427544642857143344e+02 4.661372393771443399e+02 0.000000000000000000e+00 4.140472409686383344e+02 3.587547878332707683e+02 4.777463942307692264e+02 3.451332908163265074e+02 4.587081864473169048e+02 3.729334129590922657e+02 4.330869829683698526e+02 3.771537294015611224e+02 3.037481190709846146e+02 2.778369468369468223e+02 4.884214942069516496e+02 2.591168322794338792e+02 5.052447075708647048e+02 4.940464547677261749e+02 3.228891468369123459e+02 3.607690100430415896e+02 2.845066562255285589e+02 5.333484444444444534e+02 4.250705067673906115e+02 3.413110578363799732e+02 3.857778384279475858e+02 5.383650934995547459e+02 3.545647058823529392e+02 2.874943705220061361e+02 3.415722786139306777e+02 4.590305380513814839e+02 5.641222591362126195e+02 3.149244186046511800e+02 4.161894921190893228e+02 3.789563507668108286e+02
5.539297205757832216e+02 5.317795862068965107e+02 5.166923777710294416e+02 3.493177700348431927e+02 4.541868512110726783e+02 5.173889739663093223e+02 4.676627527723418325e+02 4.785951677852348780e+02 4.713587081891579942e+02 4.464506612410986577e+02 3.312734063745019739e+02 4.140472409686383344e+02 0.000000000000000000e+00 6.092743153918790995e+02 3.412283044058744963e+02 4.562097744360902425e+02 4.922279138827022962e+02 5.130704375667022532e+02 5.219934771700953888e+02 4.225269683818970634e+02 6.591215846994535923e+02 5.211055295950155823e+02 1.568739255014326659e+02 5.389519105796724716e+02 3.146306818181818130e+02 5.420763033175355758e+02 3.914067289719625933e+02 5.391903754627181797e+02 5.346217440543601924e+02 1.744308681672025614e+02 1.987840290381125214e+02 4.021182986264953456e+02 2.766782035434692943e+02 1.805928338762215049e+02 3.454247948951686453e+02 4.869969708443771310e+02 2.690572951365755898e+02 4.243725135623869846e+02 3.094122877930477102e+02 2.887484933708316817e+02 2.584749403341288598e+02 2.350585365853658573e+02
6.207238990598713144e+02 5.339631336405529964e+02 6.057109721136304188e+02 5.576707964601770300e+02 1.469961868446139306e+02 3.979469194312796390e+02 5.150046262478695098e+02 3.785104975553638269e+02 2.309665252239509527e+02 3.544785812989405827e+02 5.439485903814262429e+02 3.587547878332707683e+02 6.092743153918790995e+02 0.000000000000000000e+00 4.861478547854785575e+02 4.096230450047877412e+02 5.534440420137631236e+02 4.712796123474515184e+02 5.195688252521965751e+02 3.863563916802991116e+02 4.773394220283533400e+02 3.444863896848137301e+02 5.293608284883721353e+02 4.141033950617284063e+02 5.805690265486725821e+02 5.253343465045592211e+02 3.765786322092656633e+02 4.593278201865987853e+02 4.519946695095948712e+02 5.837309589041095705e+02 4.200138768430182381e+02 4.126649836649836516e+02 4.887059206245933751e+02 5.888040752351097353e+02 4.261277123372597657e+02 4.318405599180607624e+02 4.213660267111853273e+02 5.787053892215568567e+02 5.500673976136730516e+02 3.251162790697674154e+02 4.282578086266732953e+02 3.797281976744185954e+02
4.594613745338305648e+02 4.536523090586145486e+02 5.406966796290756747e+02 4.095676435166599845e+02 5.233344768439108066e+02 3.424217524718717982e+02 4.501581541218637881e+02 5.031451857467778837e+02 3.923855341738553193e+02 4.501953302961275654e+02 4.176019948519948457e+02 4.777463942307692264e+02 3.412283044058744963e+02 4.861478547854785575e+02 0.000000000000000000e+00 3.430411471321695558e+02 5.187626859977108325e+02 4.074696864111498371e+02 4.426166788588149075e+02 4.297182054876827806e+02 5.328073076923077451e+02 3.903200757575757507e+02 4.728488757832657825e+02 4.580450153193494884e+02 3.797169329073482231e+02 4.727617384555684907e+02 3.104714656290531707e+02 4.775155746509129813e+02 4.411163080760835555e+02 3.683458401305057350e+02 4.182282685512367379e+02 3.511265452179570730e+02 4.039297603195739157e+02 3.718970099667774321e+02 4.561616231086657649e+02 4.051007175126229072e+02 4.174635603345280970e+02 4.148235294117646959e+02 3.559626818469322984e+02 3.742341818181818098e+02 3.630119981541301399e+02 4.569984526112185677e+02
4.605122887864823156e+02 3.448036354939009698e+02 4.958034777808446165e+02 3.860507936507936506e+02 3.035395377128953669e+02 4.463528941050947196e+02 2.984544253632760729e+02 3.813140379657839389e+02 2.720457813091184107e+02 4.087002288329519502e+02 3.491685570258349003e+02 3.451332908163265074e+02 4.562097744360902425e+02 4.096230450047877412e+02 3.430411471321695558e+02 0.000000000000000000e+00 5.542885802469136252e+02 4.329556809024979884e+02 4.889725654967869559e+02 4.087853074052248985e+02 4.534025938935423028e+02 2.861829194427619427e+02 5.599907638542186987e+02 4.057257989810097456e+02 4.767574692442882451e+02 5.195977759696229441e+02 3.773368020304568518e+02 3.554989320803075543e+02 3.397219834710743953e+02 5.282345399698340316e+02 3.969434926360084432e+02 3.796631215102366355e+02 4.073081725312145522e+02 4.580423991726990494e+02 3.963857664233576656e+02 3.413906673901248041e+02 3.677327297116029285e+02 4.729286941580755865e+02 5.563307445099089819e+02 3.723565539983512167e+02 3.629097535577924418e+02 4.699101471727342982e+02
5.843794506612410942e+02 5.233576744186046881e+02 6.058725624828343825e+02 1.637092238470191319e+02 5.533560209424083496e+02 5.879092521430683291e+02 5.743317610062892982e+02 4.813144387413523759e+02 5.102757723577235538e+02 5.523354735152488502e+02 5.449919999999999618e+02 4.587081864473169048e+02 4.922279138827022962e+02 5.534440420137631236e+02 5.187626859977108325e+02 5.542885802469136252e+02 0.000000000000000000e+00 3.465074913561275594e+02 4.203269911504424954e+02 3.102685235262304104e+02 6.189296264118157751e+02 2.760922266139657495e+02 3.920130641330166554e+02 4.090247290914142582e+02 1.699089861751152171e+02 5.658910081743869114e+02 2.528631221719456903e+02 5.572514840798704654e+02 4.196314623338257093e+02 4.582541899441340547e+02 4.407266094420600666e+02 1.393184007707129126e+02 4.117739774330042337e+02 4.641511312217194813e+02 4.521894818252126811e+02 3.912354403409090651e+02 2.665558598028477491e+02 8.796765119549930034e+01 2.108535606820461510e+02 2.825235426008968602e+02 4.212764603817235525e+02 3.544773988897700292e+02
5.470466358134567599e+02 4.255331632653061433e+02 5.215245110490220668e+02 7.425595238095237960e+01 5.016073519082182202e+02 5.249837929366231037e+02 4.145927557513460329e+02 3.319886047100531528e+02 4.237362058276503376e+02 4.256764397905758983e+02 2.915202702702702595e+02 3.729334129590922657e+02 5.130704375667022532e+02 4.712796123474515184e+02 4.074696864111498371e+02 4.329556809024979884e+02 3.465074913561275594e+02 0.000000000000000000e+00 1.041767109295199134e+02 3.830119760479041702e+02 4.569067796610169694e+02 4.463101604278074888e+02 4.203644375324001885e+02 3.739353405725567541e+02 2.999838243789716898e+02 1.692182502351834330e+02 3.566972704714640372e+02 6.226945781199871135e+02 2.580533980582524123e+02 4.309777003484320517e+02 4.070783166109252988e+02 2.506440735694822877e+02 2.805105114527768819e+02 5.152434033387183945e+02 4.430185528756957183e+02 3.086372692645766165e+02 3.221054075235109622e+02 2.316196363636363742e+02 3.601450756027788884e+02 3.465759042282221003e+02 4.495384309040222774e+02 4.061027244305493582e+02
5.737950070323488490e+02 4.424677495291902005e+02 5.788623205460107783e+02 8.726525529265255443e+01 5.808485543827443962e+02 5.747648597242035748e+02 4.585903104421448688e+02 3.894544322709163566e+02 4.696250000000000000e+02 4.825912492803684586e+02 3.623892921960072613e+02 4.330869829683698526e+02 5.219934771700953888e+02 5.195688252521965751e+02 4.426166788588149075e+02 4.889725654967869559e+02 4.203269911504424954e+02 1.041767109295199134e+02 0.000000000000000000e+00 3.474026284348864806e+02 4.298133954154727689e+02 4.261907216494845443e+02 4.235372733378106318e+02 3.259958049292081910e+02 2.817032051282051270e+02 1.070503519220357305e+02 3.319720541630654225e+02 6.204462046204620265e+02 2.920359346642468381e+02 4.772478485370051544e+02 4.034199200737780302e+02 2.203453318335208166e+02 2.768423290807981516e+02 5.170901007705987240e+02 4.242932232841008044e+02 3.293474135292316873e+02 3.502563987427031975e+02 2.195182879377431959e+02 3.126134411318847697e+02 3.215252525252525402e+02 4.655766773162939103e+02 3.898484995159728896e+02
5.168614049362624883e+02 4.319423938223937967e+02 4.589044572843582159e+02 3.019126483211310301e+02 3.570159278449434055e+02 3.405391229578675620e+02 3.704737914428598060e+02 4.164906099385075890e+02 3.597612153344208537e+02 3.935944809461234968e+02 3.099573928480851919e+02 3.771537294015611224e+02 4.225269683818970634e+02 3.863563916802991116e+02 4.297182054876827806e+02 4.087853074052248985e+02 3.102685235262304104e+02 3.830119760479041702e+02 3.474026284348864806e+02 0.000000000000000000e+00 5.646602599304411569e+02 4.285467326732673428e+02 4.503705853894533107e+02 3.855616766467065872e+02 4.404595534937662933e+02 4.725497876356772053e+02 3.772375575073191385e+02 4.869719648951730733e+02 4.353486447341196026e+02 4.353868613138686214e+02 3.621470116784978472e+02 3.576296534017971567e+02 3.254483521344835140e+02 4.524566010211524372e+02 4.069216484355125658e+02 4.235535101967154219e+02 3.825198926043446477e+02 4.642091836734693970e+02 4.831161274746499430e+02 3.209754816112084086e+02 3.860355207706201099e+02 4.158150478107700110e+02
6.094039076376553794e+02 5.575646526274355210e+02 6.420202498107494193e+02 4.496972143722244368e+02 5.299676863420938844e+02 4.675658103393593592e+02 6.115555324459234043e+02 3.356871181938910809e+02 4.544658036150464113e+02 6.458262521588945901e+02 5.399126103045829268e+02 3.037481190709846146e+02 6.591215846994535923e+02 4.773394220283533400e+02 5.328073076923077451e+02 4.534025938935423028e+02 6.189296264118157751e+02 4.569067796610169694e+02 4.298133954154727689e+02 5.646602599304411569e+02 0.000000000000000000e+00 2.152248117604876256e+02 5.708801903114186871e+02 2.071110765401369065e+02 4.905907140070229957e+02 3.161205702647657745e+02 2.528740973312401934e+02 3.327405886379192452e+02 1.384110152075626843e+02 5.938109107720757720e+02 5.054436488169365020e+02 2.564180530973451368e+02 4.609912651451112993e+02 6.012902178952248278e+02 4.327374005305039759e+02 1.929664192294096949e+02 3.416407697790448879e+02 4.010975329890992498e+02 5.099956363636363790e+02 3.469753184713375731e+02 4.733218510786360298e+02 4.218335273573923132e+02
5.521756249999999682e+02 4.697864374403056331e+02 5.379025452877780253e+02 3.903924229573084403e+02 1.704025667004390527e+02 4.084340446168768040e+02 4.534762231367169534e+02 2.960832007274380544e+02 2.511267605633802873e+02 4.005560344827586050e+02 4.490582986317668315e+02 2.778369468369468223e+02 5.211055295950155823e+02 3.444863896848137301e+02 3.903200757575757507e+02 2.861829194427619427e+02 2.760922266139657495e+02 4.463101604278074888e+02 4.261907216494845443e+02 4.285467326732673428e+02 2.152248117604876256e+02 0.000000000000000000e+00 4.870468916518649962e+02 4.203101443464314571e+02 5.070310186817060298e+02 5.547406161014755526e+02 4.356094638505280159e+02 2.340463449593884491e+02 4.446793349168646046e+02 4.943273942093541109e+02 4.178756423432682254e+02 3.956319521382672519e+02 4.222819780219780341e+02 4.548219248584662751e+02 4.065190707350901675e+02 3.828256762559038293e+02 3.457420739762219455e+02 5.120105529759391629e+02 5.210808955223880048e+02 4.123205469046714597e+02 3.467763527054108295e+02 3.787116477272727479e+02
5.909896507115136046e+02 5.516441084713222835e+02 5.740382445141066228e+02 2.958895705521472337e+02 5.022337807606264164e+02 5.779996433666191251e+02 5.242450980392156907e+02 5.737839620696763632e+02 4.389758778625954392e+02 4.644841075794620906e+02 3.895848513902205354e+02 4.884214942069516496e+02 1.568739255014326659e+02 5.293608284883721353e+02 4.728488757832657825e+02 5.599907638542186987e+02 3.920130641330166554e+02 4.203644375324001885e+02 4.235372733378106318e+02 4.503705853894533107e+02 5.708801903114186871e+02 4.870468916518649962e+02 0.000000000000000000e+00 4.704250216700375518e+02 2.418491620111731777e+02 3.784287439613526658e+02 3.344335778321108137e+02 5.992486631016042793e+02 4.280879296562749801e+02 3.088207547169811207e+01 1.576279799247176925e+02 3.096270452358036778e+02 2.239365296803653109e+02 6.657936507936507553e+01 3.017649918962723063e+02 3.504828741623231849e+02 2.738349514563107050e+02 3.589814241486068340e+02 2.246746987951807171e+02 2.359797787104158715e+02 2.829071161048689191e+02 2.248532818532818567e+02
5.014714056654195815e+02 4.395939959729086581e+02 5.106995258790991556e+02 2.989603812928209550e+02 3.890094529364440632e+02 3.697492697176241450e+02 5.140272554769708222e+02 3.221582622187742686e+02 3.496140715109573307e+02 4.890942439606322978e+02 3.980280242877159935e+02 2.591168322794338792e+02 5.389519105796724716e+02 4.141033950617284063e+02 4.580450153193494884e+02 4.057257989810097456e+02 4.090247290914142582e+02 3.739353405725567541e+02 3.259958049292081910e+02 3.855616766467065872e+02 2.071110765401369065e+02 4.203101443464314571e+02 4.704250216700375518e+02 0.000000000000000000e+00 4.372065793141901509e+02 3.607721059972105877e+02 3.175103291713961653e+02 4.603607526881720560e+02 1.787418944691671925e+02 5.197886203732027752e+02 4.100688649618663248e+02 2.148005603667855326e+02 3.061009043312708400e+02 5.232229709035221958e+02 3.976872037914691873e+02 2.555755813953488484e+02 3.303730094466936293e+02 3.843484358144552289e+02 4.818944522802068491e+02 3.376324582338901905e+02 4.352200413223140458e+02 4.125801589476569120e+02
5.799912035185925561e+02 5.181927676537585512e+02 5.699711593375213852e+02 2.709130757800891729e+02 5.423033210332102954e+02 5.535524009814230340e+02 5.036490341753343500e+02 4.840705913692061699e+02 5.610675909878682432e+02 4.971028571428571468e+02 4.368082658713250908e+02 5.052447075708647048e+02 3.146306818181818130e+02 5.805690265486725821e+02 3.797169329073482231e+02 4.767574692442882451e+02 1.699089861751152171e+02 2.999838243789716898e+02 2.817032051282051270e+02 4.404595534937662933e+02 4.905907140070229957e+02 5.070310186817060298e+02 2.418491620111731777e+02 4.372065793141901509e+02 0.000000000000000000e+00 5.338512920526571861e+02 3.917292497281623582e+02 5.467318116975749263e+02 5.366288504883546011e+02 2.726082474226803924e+02 2.696121842496285126e+02 4.025558498896247102e+02 3.081327572663000751e+02 2.935534759358288852e+02 3.805343750000000114e+02 4.877256505576208383e+02 3.364024461269656285e+02 4.502073515551366540e+02 9.911491442542786956e+01 3.094491017964072057e+02 3.151959334565619315e+02 2.889801324503310980e+02
5.110777414075286629e+02 5.046076195098277140e+02 5.817004436142890427e+02 1.520380601596071131e+02 5.677035443037974574e+02 5.842039193410962525e+02 4.972298822374877432e+02 4.097998982964658126e+02 5.089639111659469677e+02 5.459714003944773140e+02 3.998742878845423547e+02 4.940464547677261749e+02 5.420763033175355758e+02 5.253343465045592211e+02 4.727617384555684907e+02 5.195977759696229441e+02 5.658910081743869114e+02 1.692182502351834330e+02 1.070503519220357305e+02 4.725497876356772053e+02 3.161205702647657745e+02 5.547406161014755526e+02 3.784287439613526658e+02 3.607721059972105877e+02 5.338512920526571861e+02 0.000000000000000000e+00 3.443377893707205999e+02 6.612079422382671510e+02 2.957505137690094443e+02 5.206751754945755692e+02 5.271186497326202698e+02 2.417971678467305310e+02 4.200673137132122861e+02 5.910611353711790343e+02 5.447063679245283083e+02 3.724728260869565020e+02 3.514126163391933915e+02 3.198261474269819473e+02 3.733451178451178407e+02 3.763070652173913118e+02 5.044833132287897115e+02 4.349609483960948637e+02
5.187516034985422948e+02 4.708201395812562282e+02 5.080983290488431976e+02 3.036217548471902887e+02 3.769867132867132682e+02 2.740510510510510471e+02 3.738992788461538339e+02 3.591901336073997868e+02 3.499816053511705718e+02 3.808806438947781885e+02 4.182582499999999754e+02 3.228891468369123459e+02 3.914067289719625933e+02 3.765786322092656633e+02 3.104714656290531707e+02 3.773368020304568518e+02 2.528631221719456903e+02 3.566972704714640372e+02 3.319720541630654225e+02 3.772375575073191385e+02 2.528740973312401934e+02 4.356094638505280159e+02 3.344335778321108137e+02 3.175103291713961653e+02 3.917292497281623582e+02 3.443377893707205999e+02 0.000000000000000000e+00 4.958708487084870740e+02 4.613780519821475536e+02 3.580094808126410726e+02 3.631070180155955995e+02 3.420494549321988984e+02 3.805422848664688331e+02 3.725428824049513423e+02 3.637528912875867491e+02 4.220196263892173079e+02 2.603671641791044635e+02 4.072926208651399520e+02 3.392359625668449326e+02 1.985564803804994085e+02 2.888012209080503681e+02 2.917640364188163744e+02
6.694877521613832414e+02 6.217840366242038499e+02 5.812064090480678260e+02 6.541142857142857565e+02 2.819370731707317077e+02 4.305019762845849982e+02 5.837842676841796674e+02 4.491130262786097660e+02 4.121820475847152352e+02 5.969123085050184727e+02 6.224600811907984053e+02 3.607690100430415896e+02 5.391903754627181797e+02 4.593278201865987853e+02 4.775155746509129813e+02 3.554989320803075543e+02 5.572514840798704654e+02 6.226945781199871135e+02 6.204462046204620265e+02 4.869719648951730733e+02 3.327405886379192452e+02 2.340463449593884491e+02 5.992486631016042793e+02 4.603607526881720560e+02 5.467318116975749263e+02 6.612079422382671510e+02 4.958708487084870740e+02 0.000000000000000000e+00 6.017628485052065344e+02 5.414742900997697461e+02 3.284773922187171138e+02 3.864561134534304188e+02 4.176733118971060890e+02 5.280161104718066554e+02 2.705385365853658755e+02 3.558562223117197050e+02 3.070379426644182104e+02 5.392068155111633132e+02 5.378746383799420983e+02 3.476356083086053559e+02 2.985521927115503331e+02 4.605396687009589982e+02
4.982882375046974630e+02 4.370692459881292393e+02 5.373681687440076757e+02 2.709863234111021484e+02 4.119097621000820482e+02 4.823215859030837009e+02 4.722884963768116222e+02 2.712040533037201726e+02 3.526832160059281023e+02 4.583297609233305820e+02 3.927382123228232444e+02 2.845066562255285589e+02 5.346217440543601924e+02 4.519946695095948712e+02 4.411163080760835555e+02 3.397219834710743953e+02 4.196314623338257093e+02 2.580533980582524123e+02 2.920359346642468381e+02 4.353486447341196026e+02 1.384110152075626843e+02 4.446793349168646046e+02 4.280879296562749801e+02 1.787418944691671925e+02 5.366288504883546011e+02 2.957505137690094443e+02 4.613780519821475536e+02 6.017628485052065344e+02 0.000000000000000000e+00 5.400705394190871402e+02 4.414117467115326008e+02 2.339581483830057209e+02 3.688045299410487132e+02 5.047642998027613430e+02 3.696192528735631981e+02 1.676170388751033897e+02 3.268730650154798809e+02 2.774544319600499307e+02 4.639115151515151751e+02 3.552305776892430345e+02 4.254548723480762078e+02 3.846263656227239380e+02
6.443167451244115682e+02 5.590594744121715394e+02 5.513072487644151352e+02 3.954193888303477138e+02 5.419502982107355820e+02 6.104466165413533645e+02 5.077244414353419302e+02 5.530422116527943217e+02 5.100920526014865573e+02 5.334641350210970359e+02 3.451619256017505677e+02 5.333484444444444534e+02 1.744308681672025614e+02 5.837309589041095705e+02 3.683458401305057350e+02 5.282345399698340316e+02 4.582541899441340547e+02 4.309777003484320517e+02 4.772478485370051544e+02 4.353868613138686214e+02 5.938109107720757720e+02 4.943273942093541109e+02 3.088207547169811207e+01 5.197886203732027752e+02 2.726082474226803924e+02 5.206751754945755692e+02 3.580094808126410726e+02 5.414742900997697461e+02 5.400705394190871402e+02 0.000000000000000000e+00 1.907216274089935837e+02 3.640380681818181756e+02 2.628751933986591212e+02 8.839080459770114828e+01 3.777505518763796886e+02 4.985902461257976483e+02 2.928069565217391528e+02 4.058169014084506898e+02 2.593785714285714334e+02 2.963146608315098547e+02 2.875679758308157261e+02 2.730243632336655537e+02
3.958350234009360520e+02 5.339404583020285600e+02 4.485159879748565004e+02 3.575318291700241957e+02 3.589015099519560863e+02 4.534835874903075705e+02 4.548415793321959768e+02 4.994750625842480076e+02 4.136424809830310210e+02 4.430365088419851531e+02 4.569523932729624676e+02 4.250705067673906115e+02 1.987840290381125214e+02 4.200138768430182381e+02 4.182282685512367379e+02 3.969434926360084432e+02 4.407266094420600666e+02 4.070783166109252988e+02 4.034199200737780302e+02 3.621470116784978472e+02 5.054436488169365020e+02 4.178756423432682254e+02 1.576279799247176925e+02 4.100688649618663248e+02 2.696121842496285126e+02 5.271186497326202698e+02 3.631070180155955995e+02 3.284773922187171138e+02 4.414117467115326008e+02 1.907216274089935837e+02 0.000000000000000000e+00 3.335517136791021926e+02 2.679022604266157259e+02 3.300418994413407745e+02 2.882893890675240982e+02 3.569101654846335805e+02 2.294315967810249788e+02 4.228879353861685786e+02 4.434617283950617548e+02 2.825792682926829116e+02 3.054661498708010186e+02 2.942925764192139582e+02
5.570469948849105322e+02 4.692453531598512768e+02 5.245444587628866202e+02 2.176824353920280259e+02 4.059281589281589504e+02 4.062607953159306931e+02 4.137591555364066949e+02 3.923612174578866529e+02 3.783201552267765919e+02 4.139883341110592596e+02 3.524750348675034957e+02 3.413110578363799732e+02 4.021182986264953456e+02 4.126649836649836516e+02 3.511265452179570730e+02 3.796631215102366355e+02 1.393184007707129126e+02 2.506440735694822877e+02 2.203453318335208166e+02 3.576296534017971567e+02 2.564180530973451368e+02 3.956319521382672519e+02 3.096270452358036778e+02 2.148005603667855326e+02 4.025558498896247102e+02 2.417971678467305310e+02 3.420494549321988984e+02 3.864561134534304188e+02 2.339581483830057209e+02 3.640380681818181756e+02 3.335517136791021926e+02 0.000000000000000000e+00 3.739181599358117296e+02 3.685214324470971405e+02 3.714534494306764714e+02 3.840315516835412950e+02 2.492966175195143137e+02 4.138208722741433121e+02 2.530307275192047030e+02 2.224087943262411216e+02 3.183263731275533246e+02 2.628982324584895309e+02
3.099873217115689386e+02 4.406183020948180911e+02 4.505667356440765730e+02 2.241549079754601337e+02 4.045600103466114774e+02 4.152135114696243932e+02 4.365082595163993346e+02 4.191318832059573083e+02 3.908732014388489233e+02 4.527060058798824116e+02 3.119323594791997607e+02 3.857778384279475858e+02 2.766782035434692943e+02 4.887059206245933751e+02 4.039297603195739157e+02 4.073081725312145522e+02 4.117739774330042337e+02 2.805105114527768819e+02 2.768423290807981516e+02 3.254483521344835140e+02 4.609912651451112993e+02 4.222819780219780341e+02 2.239365296803653109e+02 3.061009043312708400e+02 3.081327572663000751e+02 4.200673137132122861e+02 3.805422848664688331e+02 4.176733118971060890e+02 3.688045299410487132e+02 2.628751933986591212e+02 2.679022604266157259e+02 3.739181599358117296e+02 0.000000000000000000e+00 4.555316259216143067e+02 3.989771084337349407e+02 3.658101604278074888e+02 3.256100543478260647e+02 3.693011314186248910e+02 4.460307059195948227e+02 3.413984876260311694e+02 4.135909376966645823e+02 3.901446393762183220e+02
6.136666666666666288e+02 6.046753983256818401e+02 5.575233611010503409e+02 5.451849082256968586e+02 5.377083616587354982e+02 5.879940417080437101e+02 5.259602776706517488e+02 5.619338061465721239e+02 5.726063268892794440e+02 5.449419448476052139e+02 5.311166500498504774e+02 5.383650934995547459e+02 1.805928338762215049e+02 5.888040752351097353e+02 3.718970099667774321e+02 4.580423991726990494e+02 4.641511312217194813e+02 5.152434033387183945e+02 5.170901007705987240e+02 4.524566010211524372e+02 6.012902178952248278e+02 4.548219248584662751e+02 6.657936507936507553e+01 5.232229709035221958e+02 2.935534759358288852e+02 5.910611353711790343e+02 3.725428824049513423e+02 5.280161104718066554e+02 5.047642998027613430e+02 8.839080459770114828e+01 3.300418994413407745e+02 3.685214324470971405e+02 4.555316259216143067e+02 0.000000000000000000e+00 4.523762711864407038e+02 4.794031731217918946e+02 3.131160572337042822e+02 4.700000000000000000e+02 3.442462987886945029e+02 2.790615996025832146e+02 2.336833527357392200e+02 2.107444089456868994e+02
5.051073573573573299e+02 5.806014922097871249e+02 4.591219621962196129e+02 3.806857275685727586e+02 3.372395409107737692e+02 4.973569201995012463e+02 5.252898443291327339e+02 5.033269461077844085e+02 3.978189757840412994e+02 5.597293700088731612e+02 4.309807928075194354e+02 3.545647058823529392e+02 3.454247948951686453e+02 4.261277123372597657e+02 4.561616231086657649e+02 3.963857664233576656e+02 4.521894818252126811e+02 4.430185528756957183e+02 4.242932232841008044e+02 4.069216484355125658e+02 4.327374005305039759e+02 4.065190707350901675e+02 3.017649918962723063e+02 3.976872037914691873e+02 3.805343750000000114e+02 5.447063679245283083e+02 3.637528912875867491e+02 2.705385365853658755e+02 3.696192528735631981e+02 3.777505518763796886e+02 2.882893890675240982e+02 3.714534494306764714e+02 3.989771084337349407e+02 4.523762711864407038e+02 0.000000000000000000e+00 3.950098389982110803e+02 1.969443620178041670e+02 4.898638211382113923e+02 4.705505300353356688e+02 1.871717572391908107e+02 2.269990732159406832e+02 2.244626576139670249e+02
5.512648221343873729e+02 4.628962750716332266e+02 5.204441279579316415e+02 2.804274277758440803e+02 3.181155764966740662e+02 4.402412353923205615e+02 4.432700127064803155e+02 2.440451021846370736e+02 3.058186885245901863e+02 4.311725612125923135e+02 4.260394228291677337e+02 2.874943705220061361e+02 4.869969708443771310e+02 4.318405599180607624e+02 4.051007175126229072e+02 3.413906673901248041e+02 3.912354403409090651e+02 3.086372692645766165e+02 3.293474135292316873e+02 4.235535101967154219e+02 1.929664192294096949e+02 3.828256762559038293e+02 3.504828741623231849e+02 2.555755813953488484e+02 4.877256505576208383e+02 3.724728260869565020e+02 4.220196263892173079e+02 3.558562223117197050e+02 1.676170388751033897e+02 4.985902461257976483e+02 3.569101654846335805e+02 3.840315516835412950e+02 3.658101604278074888e+02 4.794031731217918946e+02 3.950098389982110803e+02 0.000000000000000000e+00 2.609302229562345019e+02 2.988303030303030141e+02 3.878539823008849794e+02 2.909246543778801879e+02 3.545331023864511053e+02 3.281139800811508849e+02
4.632492041837198826e+02 4.821296861377506389e+02 4.235604490500863335e+02 2.729833780160857941e+02 3.704192691029900288e+02 5.157771379211056910e+02 4.216816326530612287e+02 4.061799568965517437e+02 3.658278070836473148e+02 4.816504401864319220e+02 2.451427357689040036e+02 3.415722786139306777e+02 2.690572951365755898e+02 4.213660267111853273e+02 4.174635603345280970e+02 3.677327297116029285e+02 2.665558598028477491e+02 3.221054075235109622e+02 3.502563987427031975e+02 3.825198926043446477e+02 3.416407697790448879e+02 3.457420739762219455e+02 2.738349514563107050e+02 3.303730094466936293e+02 3.364024461269656285e+02 3.514126163391933915e+02 2.603671641791044635e+02 3.070379426644182104e+02 3.268730650154798809e+02 2.928069565217391528e+02 2.294315967810249788e+02 2.492966175195143137e+02 3.256100543478260647e+02 3.131160572337042822e+02 1.969443620178041670e+02 2.609302229562345019e+02 0.000000000000000000e+00 4.438881262868908948e+02 4.241801020408163367e+02 2.403699967458509548e+02 2.584985250737462934e+02 2.636631330977620564e+02
5.636971556051311154e+02 5.139819277108433653e+02 5.356896293523025179e+02 1.646575481256332409e+02 5.483111401218450283e+02 5.811229235880398392e+02 5.286036156678942461e+02 4.375105227427019940e+02 5.270093066542577844e+02 5.453268698060942370e+02 4.046594778660613088e+02 4.590305380513814839e+02 4.243725135623869846e+02 5.787053892215568567e+02 4.148235294117646959e+02 4.729286941580755865e+02 8.796765119549930034e+01 2.316196363636363742e+02 2.195182879377431959e+02 4.642091836734693970e+02 4.010975329890992498e+02 5.120105529759391629e+02 3.589814241486068340e+02 3.843484358144552289e+02 4.502073515551366540e+02 3.198261474269819473e+02 4.072926208651399520e+02 5.392068155111633132e+02 2.774544319600499307e+02 4.058169014084506898e+02 4.228879353861685786e+02 4.138208722741433121e+02 3.693011314186248910e+02 4.700000000000000000e+02 4.898638211382113923e+02 2.988303030303030141e+02 4.438881262868908948e+02 0.000000000000000000e+00 2.033498759305210797e+02 3.227565434150394594e+02 3.694744623655914211e+02 3.402450980392156907e+02
