0.000000000000000000e+00 5.387645739910313978e+02 4.246109870477891945e+02 5.558212435233160704e+02 6.259884533576420154e+02 5.745048399106477746e+02 5.829613721533582975e+02 5.631454043194374890e+02 5.381601139601139039e+02 5.801101321585903179e+02 3.910938383267382505e+02 5.183606259097525708e+02 5.539297205757832216e+02 6.207238990598713144e+02 4.218254901960784196e+02 4.605122887864823156e+02 5.843794506612410942e+02 5.470466358134567599e+02 5.737950070323488490e+02 5.009407648087977805e+02 6.094039076376553794e+02 5.521756249999999682e+02 5.909896507115136046e+02 5.010720961281708696e+02 5.799912035185925561e+02 5.110777414075286629e+02 5.187516034985422948e+02 6.694877521613832414e+02 5.149871071716357847e+02 6.443167451244115682e+02 3.958350234009360520e+02 5.452209338765277380e+02 3.043045544554455546e+02 6.136666666666666288e+02 5.051073573573573299e+02 5.512648221343873729e+02 4.632492041837198826e+02 5.636971556051311154e+02 6.582715063520871581e+02 4.387138574283810613e+02 5.501402714932127083e+02 5.335202380952381418e+02
5.387645739910313978e+02 0.000000000000000000e+00 4.634674838977768445e+02 4.625924882629108197e+02 4.830233986060404732e+02 5.870123100303951560e+02 2.810420413669064601e+02 4.227131132917038485e+02 4.429128391369365545e+02 4.808256315465187640e+02 4.448843683083511564e+02 4.867092544023979030e+02 5.164253070551270639e+02 5.218980374464244960e+02 4.290247430529120720e+02 3.460696078431372484e+02 4.683027472527472810e+02 4.056294928606597523e+02 4.233044022011005723e+02 3.870944881889763565e+02 5.473653419406899729e+02 4.539927783350050277e+02 5.389574573336631147e+02 4.370128136679124395e+02 5.018291027154663766e+02 4.903157368026019753e+02 4.263547667342799059e+02 6.130912244897958772e+02 4.276982682060390744e+02 5.408612716763005892e+02 5.343730354099602664e+02 4.069322421012561790e+02 4.054468344155844193e+02 5.921813355685945908e+02 5.833344534050179391e+02 4.554159257063821542e+02 4.576829268292682968e+02 4.964718397997496595e+02 5.048329041487839959e+02 4.093274653626731947e+02 4.718561814556330773e+02 5.022559450845795368e+02
4.246109870477891945e+02 4.634674838977768445e+02 0.000000000000000000e+00 5.157700910273082400e+02 6.093332009531374069e+02 6.030539170506912114e+02 5.404546275395033490e+02 5.760642736327757802e+02 5.650087556381002969e+02 5.977332670642809944e+02 4.080830553702468251e+02 5.371068543734132845e+02 5.166923777710294416e+02 6.057109721136304188e+02 5.150211066742726871e+02 4.958034777808446165e+02 6.058725624828343825e+02 5.215245110490220668e+02 5.788623205460107783e+02 4.500866279069767302e+02 6.420202498107494193e+02 5.379025452877780253e+02 5.740382445141066228e+02 5.103988153998025723e+02 5.699711593375213852e+02 5.817004436142890427e+02 5.080983290488431976e+02 5.812064090480678260e+02 5.494998747808665485e+02 5.513072487644151352e+02 4.485159879748565004e+02 5.169815638906547974e+02 4.468197569175071067e+02 5.575233611010503409e+02 4.591219621962196129e+02 5.204441279579316415e+02 4.235604490500863335e+02 5.356896293523025179e+02 6.384149076517149979e+02 4.628222464558342608e+02 4.960376779235277809e+02 5.076322136089577839e+02
5.558212435233160704e+02 4.625924882629108197e+02 5.157700910273082400e+02 0.000000000000000000e+00 5.255672301690507311e+02 5.039969550875412097e+02 3.730742796722178127e+02 3.288335038363171634e+02 4.465747957259584950e+02 4.672391437308868376e+02 2.261181567546278188e+02 3.641552376945729748e+02 3.493177700348431927e+02 5.576707964601770300e+02 3.392179253867151942e+02 3.860507936507936506e+02 1.371656760772659709e+02 7.425595238095237960e+01 8.726525529265255443e+01 2.509354109072631331e+02 4.496972143722244368e+02 3.903924229573084403e+02 2.958895705521472337e+02 3.044267721148213468e+02 2.709130757800891729e+02 1.520380601596071131e+02 3.027938596491227941e+02 6.541142857142857565e+02 2.776417973717677228e+02 3.954193888303477138e+02 3.575318291700241957e+02 2.080898230088495495e+02 2.239620544269835136e+02 5.451849082256968586e+02 3.806857275685727586e+02 2.804274277758440803e+02 2.970198598130841106e+02 1.646575481256332409e+02 3.019937393284006930e+02 2.708262971318079053e+02 4.165225225225225358e+02 3.500019710906701675e+02
6.259884533576420154e+02 4.830233986060404732e+02 6.093332009531374069e+02 5.255672301690507311e+02 0.000000000000000000e+00 4.312862132730634812e+02 3.819276937618147372e+02 3.569486363636363535e+02 1.306360567184334798e+02 4.587117822520506820e+02 3.056010728402033010e+02 3.790629084967320068e+02 4.541868512110726783e+02 1.469961868446139306e+02 4.924762284196547171e+02 3.035395377128953669e+02 5.906343077771649632e+02 5.016073519082182202e+02 5.808485543827443962e+02 3.211812832194381144e+02 5.299676863420938844e+02 1.704025667004390527e+02 5.022337807606264164e+02 3.932459733545436507e+02 5.423033210332102954e+02 5.677035443037974574e+02 3.820728094401205226e+02 2.819370731707317077e+02 4.301639102185469596e+02 5.419502982107355820e+02 3.589015099519560863e+02 4.033369716674407641e+02 4.022615262321144769e+02 5.377083616587354982e+02 3.372395409107737692e+02 3.181155764966740662e+02 3.805510413110276318e+02 5.483111401218450283e+02 5.546689989235737812e+02 3.161619151251360336e+02 3.718741949334478250e+02 4.347777127815150493e+02
5.745048399106477746e+02 5.870123100303951560e+02 6.030539170506912114e+02 5.039969550875412097e+02 4.312862132730634812e+02 0.000000000000000000e+00 3.427317514124293893e+02 2.781034928848641812e+02 3.239742360695026946e+02 5.821038332713062573e+02 3.574470493128536646e+02 4.200977157360405840e+02 5.169946442234123651e+02 3.976968740132617768e+02 3.129742874845105121e+02 3.501321279554937291e+02 5.875630723781388269e+02 4.410304479114242326e+02 5.162631035373095756e+02 2.264749455337690733e+02 4.672706814580031960e+02 3.101649987795948391e+02 5.775890947968638329e+02 3.269339784946236591e+02 5.531660245183887810e+02 5.838734033494181404e+02 2.739025920873124278e+02 4.301259324265028567e+02 4.422766118836915439e+02 6.099894815927873424e+02 3.960793838862559255e+02 3.686944750165089317e+02 3.777084660901228972e+02 5.874126984126984325e+02 4.425251879699247866e+02 3.883349392062399374e+02 5.154814388489209023e+02 5.806423236514523296e+02 6.086309823677581790e+02 3.336804602788227498e+02 4.791524434719183319e+02 4.773160204828090514e+02
5.829613721533582975e+02 2.810420413669064601e+02 5.404546275395033490e+02 3.730742796722178127e+02 3.819276937618147372e+02 3.427317514124293893e+02 0.000000000000000000e+00 4.780261498516320557e+02 4.666316266425011463e+02 5.771651832460732976e+02 3.359160054719562254e+02 5.392601591956430411e+02 4.676627527723418325e+02 5.150046262478695098e+02 4.078954514596062495e+02 2.984544253632760729e+02 5.715487646293888702e+02 4.145927557513460329e+02 4.585903104421448688e+02 3.306090459622779463e+02 6.115555324459234043e+02 4.534762231367169534e+02 5.242450980392156907e+02 5.172566477955052733e+02 5.036490341753343500e+02 4.972298822374877432e+02 3.504682478959448986e+02 5.837842676841796674e+02 4.732518602029312547e+02 5.077244414353419302e+02 4.548415793321959768e+02 3.962047261484099181e+02 4.325571670292482622e+02 5.259602776706517488e+02 5.252898443291327339e+02 4.432700127064803155e+02 4.353084799999999746e+02 5.286036156678942461e+02 5.296557295550584286e+02 3.799032020610968061e+02 3.766220322886989607e+02 4.798956397426733247e+02
5.631454043194374890e+02 4.227131132917038485e+02 5.760642736327757802e+02 3.288335038363171634e+02 3.569486363636363535e+02 2.781034928848641812e+02 4.780261498516320557e+02 0.000000000000000000e+00 4.100683516483516655e+02 6.055041012420904281e+02 3.619011896091284370e+02 2.860741708017758924e+02 4.785951677852348780e+02 3.785104975553638269e+02 4.763284352660841705e+02 3.813140379657839389e+02 4.965183662984844659e+02 3.319886047100531528e+02 3.894544322709163566e+02 3.831164552791962024e+02 3.356871181938910809e+02 2.960832007274380544e+02 5.737839620696763632e+02 3.248759645061728634e+02 4.840705913692061699e+02 4.097998982964658126e+02 3.587652795838751558e+02 4.491130262786097660e+02 2.721634045077105384e+02 5.530422116527943217e+02 4.994750625842480076e+02 3.893787617404638581e+02 4.186698667711598887e+02 5.619338061465721239e+02 5.033269461077844085e+02 2.440451021846370736e+02 4.158045404208194782e+02 4.375105227427019940e+02 5.439023511967803870e+02 4.605982114340466183e+02 4.745033407572383339e+02 4.967589243217515218e+02
5.381601139601139039e+02 4.429128391369365545e+02 5.650087556381002969e+02 4.465747957259584950e+02 1.306360567184334798e+02 3.239742360695026946e+02 4.666316266425011463e+02 4.100683516483516655e+02 0.000000000000000000e+00 3.916005904681568950e+02 2.755067829457364610e+02 3.071733373457718699e+02 4.713587081891579942e+02 2.309665252239509527e+02 3.716603714195782118e+02 2.720457813091184107e+02 5.102757723577235538e+02 4.237362058276503376e+02 4.696250000000000000e+02 3.570074741280183730e+02 4.544658036150464113e+02 2.511267605633802873e+02 4.389758778625954392e+02 3.493743660673121099e+02 5.610675909878682432e+02 5.089639111659469677e+02 3.499816053511705718e+02 4.121820475847152352e+02 3.587876984126984325e+02 5.100920526014865573e+02 4.136424809830310210e+02 3.719949832775919845e+02 3.865489961042852656e+02 5.726063268892794440e+02 3.978189757840412994e+02 3.058186885245901863e+02 3.658278070836473148e+02 5.270093066542577844e+02 5.632772568979372636e+02 2.679414919551438174e+02 4.007850812407680792e+02 3.626672473867595841e+02
5.801101321585903179e+02 4.808256315465187640e+02 5.977332670642809944e+02 4.672391437308868376e+02 4.587117822520506820e+02 5.821038332713062573e+02 5.771651832460732976e+02 6.055041012420904281e+02 3.916005904681568950e+02 0.000000000000000000e+00 3.671111716621253436e+02 5.427544642857143344e+02 4.464506612410986577e+02 3.544785812989405827e+02 4.109734236581552977e+02 4.087002288329519502e+02 5.523354735152488502e+02 4.256764397905758983e+02 4.825912492803684586e+02 3.875268268997329528e+02 6.458262521588945901e+02 4.005560344827586050e+02 4.644841075794620906e+02 4.886597139451728253e+02 4.971028571428571468e+02 5.459714003944773140e+02 3.808806438947781885e+02 5.969123085050184727e+02 4.735919003115265014e+02 5.334641350210970359e+02 4.430365088419851531e+02 4.009673617407071902e+02 4.466221662468514069e+02 5.449419448476052139e+02 5.597293700088731612e+02 4.311725612125923135e+02 4.816504401864319220e+02 5.453268698060942370e+02 4.780843720038350853e+02 2.758863379751599609e+02 4.364121355397950879e+02 3.623407859078590718e+02
3.910938383267382505e+02 4.448843683083511564e+02 4.080830553702468251e+02 2.261181567546278188e+02 3.056010728402033010e+02 3.574470493128536646e+02 3.359160054719562254e+02 3.619011896091284370e+02 2.755067829457364610e+02 3.671111716621253436e+02 0.000000000000000000e+00 4.661372393771443399e+02 3.312734063745019739e+02 5.439485903814262429e+02 3.816128279883382106e+02 3.491685570258349003e+02 4.743129657228017777e+02 2.915202702702702595e+02 3.623892921960072613e+02 2.379512814006597239e+02 5.399126103045829268e+02 4.490582986317668315e+02 3.895848513902205354e+02 3.975102755721625272e+02 4.368082658713250908e+02 3.998742878845423547e+02 3.204017038007863789e+02 6.224600811907984053e+02 3.970882712278558415e+02 3.451619256017505677e+02 4.569523932729624676e+02 3.387298342541436682e+02 3.100050473186120144e+02 5.311166500498504774e+02 4.309807928075194354e+02 4.260394228291677337e+02 2.296094541361845813e+02 4.046594778660613088e+02 4.792576195059351676e+02 3.584272144383756995e+02 3.802271771140092369e+02 3.320478180129990733e+02
5.183606259097525708e+02 4.867092544023979030e+02 5.371068543734132845e+02 3.641552376945729748e+02 3.790629084967320068e+02 4.200977157360405840e+02 5.392601591956430411e+02 2.860741708017758924e+02 3.071733373457718699e+02 5.427544642857143344e+02 4.661372393771443399e+02 0.000000000000000000e+00 4.140472409686383344e+02 3.587547878332707683e+02 4.195621923203150914e+02 3.451332908163265074e+02 4.805722595078299832e+02 3.729334129590922657e+02 4.330869829683698526e+02 3.383585750853242189e+02 3.037481190709846146e+02 2.778369468369468223e+02 4.884214942069516496e+02 2.598673071149804628e+02 5.052447075708647048e+02 4.940464547677261749e+02 3.164631611128095301e+02 3.607690100430415896e+02 2.873708124759337466e+02 5.333484444444444534e+02 4.250705067673906115e+02 3.363417647058823263e+02 3.853890859481582538e+02 5.383650934995547459e+02 3.545647058823529392e+02 2.874943705220061361e+02 3.634601393188854672e+02 4.590305380513814839e+02 5.641222591362126195e+02 3.093133012820512704e+02 4.161894921190893228e+02 3.789563507668108286e+02
5.539297205757832216e+02 5.164253070551270639e+02 5.166923777710294416e+02 3.493177700348431927e+02 4.541868512110726783e+02 5.169946442234123651e+02 4.676627527723418325e+02 4.785951677852348780e+02 4.713587081891579942e+02 4.464506612410986577e+02 3.312734063745019739e+02 4.140472409686383344e+02 0.000000000000000000e+00 6.092743153918790995e+02 3.066074653822998357e+02 4.562097744360902425e+02 4.922279138827022962e+02 5.130704375667022532e+02 5.219934771700953888e+02 4.129005649717514075e+02 6.591215846994535923e+02 5.211055295950155823e+02 1.568739255014326659e+02 5.385342857142857156e+02 3.146306818181818130e+02 5.420763033175355758e+02 3.914067289719625933e+02 5.391903754627181797e+02 5.540348178137651303e+02 1.744308681672025614e+02 1.987840290381125214e+02 3.900594827586206748e+02 2.707821252059308108e+02 1.805928338762215049e+02 3.454247948951686453e+02 4.869969708443771310e+02 2.690572951365755898e+02 4.243725135623869846e+02 3.094122877930477102e+02 2.652262743472855391e+02 2.584749403341288598e+02 2.350585365853658573e+02
6.207238990598713144e+02 5.218980374464244960e+02 6.057109721136304188e+02 5.576707964601770300e+02 1.469961868446139306e+02 3.976968740132617768e+02 5.150046262478695098e+02 3.785104975553638269e+02 2.309665252239509527e+02 3.544785812989405827e+02 5.439485903814262429e+02 3.587547878332707683e+02 6.092743153918790995e+02 0.000000000000000000e+00 4.607400563733166337e+02 4.096230450047877412e+02 5.534440420137631236e+02 4.712796123474515184e+02 5.195688252521965751e+02 3.814097539734378302e+02 4.773394220283533400e+02 3.444863896848137301e+02 5.293608284883721353e+02 4.137864302235929017e+02 5.805690265486725821e+02 5.253343465045592211e+02 3.765786322092656633e+02 4.593278201865987853e+02 4.645791271347248426e+02 5.837309589041095705e+02 4.200138768430182381e+02 4.043148688046647408e+02 4.839814634146341632e+02 5.888040752351097353e+02 4.261277123372597657e+02 4.318405599180607624e+02 4.213660267111853273e+02 5.787053892215568567e+02 5.500673976136730516e+02 3.103836289222373921e+02 4.282578086266732953e+02 3.797281976744185954e+02
4.218254901960784196e+02 4.290247430529120720e+02 5.150211066742726871e+02 3.392179253867151942e+02 4.924762284196547171e+02 3.129742874845105121e+02 4.078954514596062495e+02 4.763284352660841705e+02 3.716603714195782118e+02 4.109734236581552977e+02 3.816128279883382106e+02 4.195621923203150914e+02 3.066074653822998357e+02 4.607400563733166337e+02 0.000000000000000000e+00 2.816949257425742417e+02 4.960329203539823197e+02 3.283621285418106481e+02 3.697628626692456351e+02 3.262180696661828847e+02 5.006927252985884707e+02 3.278613595706618753e+02 4.453942976356050281e+02 4.034326683291770337e+02 3.428078703703703809e+02 4.439496350364963746e+02 3.038655717761557185e+02 4.381476543209876695e+02 4.140475144191156005e+02 3.237631389488840910e+02 3.396499620349278530e+02 3.223067605633802941e+02 3.608738977072310377e+02 3.261733723482077494e+02 3.892812731310140748e+02 3.608563283922462688e+02 3.810698822635776537e+02 3.753566155593412645e+02 3.216123853211009305e+02 3.325740447659959500e+02 3.368077253218884266e+02 4.292052401746724968e+02
4.605122887864823156e+02 3.460696078431372484e+02 4.958034777808446165e+02 3.860507936507936506e+02 3.035395377128953669e+02 3.501321279554937291e+02 2.984544253632760729e+02 3.813140379657839389e+02 2.720457813091184107e+02 4.087002288329519502e+02 3.491685570258349003e+02 3.451332908163265074e+02 4.562097744360902425e+02 4.096230450047877412e+02 2.816949257425742417e+02 0.000000000000000000e+00 5.311748360911644795e+02 4.329556809024979884e+02 4.889725654967869559e+02 3.549421503700818334e+02 4.534025938935423028e+02 2.861829194427619427e+02 5.599907638542186987e+02 4.240242630385487246e+02 4.767574692442882451e+02 5.195977759696229441e+02 3.373160364338945669e+02 3.554989320803075543e+02 3.389281456953642646e+02 5.282345399698340316e+02 3.969434926360084432e+02 3.708072793925111341e+02 4.065460913421126179e+02 4.580423991726990494e+02 3.963857664233576656e+02 3.413906673901248041e+02 4.086730428622033173e+02 4.729286941580755865e+02 5.563307445099089819e+02 3.817395606570354403e+02 3.629097535577924418e+02 4.699101471727342982e+02
5.843794506612410942e+02 4.683027472527472810e+02 6.058725624828343825e+02 1.371656760772659709e+02 5.906343077771649632e+02 5.875630723781388269e+02 5.715487646293888702e+02 4.965183662984844659e+02 5.102757723577235538e+02 5.523354735152488502e+02 4.743129657228017777e+02 4.805722595078299832e+02 4.922279138827022962e+02 5.534440420137631236e+02 4.960329203539823197e+02 5.311748360911644795e+02 0.000000000000000000e+00 4.308091528724440309e+02 4.979962845010615524e+02 3.658813012167867100e+02 6.189296264118157751e+02 3.365329536208299714e+02 3.920130641330166554e+02 4.652322877230935774e+02 1.699089861751152171e+02 5.658910081743869114e+02 2.528631221719456903e+02 5.572514840798704654e+02 4.472617635429023153e+02 4.582541899441340547e+02 4.640580558055805795e+02 1.402414253897550225e+02 4.049308828149544297e+02 4.641511312217194813e+02 5.120424028268550956e+02 4.178748577929465569e+02 2.665558598028477491e+02 8.796765119549930034e+01 2.108535606820461510e+02 2.738606557377049171e+02 4.212764603817235525e+02 3.544773988897700292e+02
5.470466358134567599e+02 4.056294928606597523e+02 5.215245110490220668e+02 7.425595238095237960e+01 5.016073519082182202e+02 4.410304479114242326e+02 4.145927557513460329e+02 3.319886047100531528e+02 4.237362058276503376e+02 4.256764397905758983e+02 2.915202702702702595e+02 3.729334129590922657e+02 5.130704375667022532e+02 4.712796123474515184e+02 3.283621285418106481e+02 4.329556809024979884e+02 4.308091528724440309e+02 0.000000000000000000e+00 1.041767109295199134e+02 3.150382488479262406e+02 4.569067796610169694e+02 4.463101604278074888e+02 4.203644375324001885e+02 3.857690435629106673e+02 2.999838243789716898e+02 1.692182502351834330e+02 3.010238989416183131e+02 6.226945781199871135e+02 2.632254720473898715e+02 4.309777003484320517e+02 4.070783166109252988e+02 2.422904745876809045e+02 2.788117206982543621e+02 5.152434033387183945e+02 4.430185528756957183e+02 3.086372692645766165e+02 3.447586516853932608e+02 2.316196363636363742e+02 3.601450756027788884e+02 3.572153958232151467e+02 4.495384309040222774e+02 4.061027244305493582e+02
5.737950070323488490e+02 4.233044022011005723e+02 5.788623205460107783e+02 8.726525529265255443e+01 5.808485543827443962e+02 5.162631035373095756e+02 4.585903104421448688e+02 3.894544322709163566e+02 4.696250000000000000e+02 4.825912492803684586e+02 3.623892921960072613e+02 4.330869829683698526e+02 5.219934771700953888e+02 5.195688252521965751e+02 3.697628626692456351e+02 4.889725654967869559e+02 4.979962845010615524e+02 1.041767109295199134e+02 0.000000000000000000e+00 2.934802773129333104e+02 4.298133954154727689e+02 4.261907216494845443e+02 4.235372733378106318e+02 3.344363213639886112e+02 2.817032051282051270e+02 1.070503519220357305e+02 3.299038153254248300e+02 6.204462046204620265e+02 3.103899688958009051e+02 4.772478485370051544e+02 4.034199200737780302e+02 2.149560480841472554e+02 2.765811518324607050e+02 5.170901007705987240e+02 4.242932232841008044e+02 3.293474135292316873e+02 3.516596032461677055e+02 2.195182879377431959e+02 3.126134411318847697e+02 3.241051152332771039e+02 4.655766773162939103e+02 3.898484995159728896e+02
5.009407648087977805e+02 3.870944881889763565e+02 4.500866279069767302e+02 2.509354109072631331e+02 3.211812832194381144e+02 2.264749455337690733e+02 3.306090459622779463e+02 3.831164552791962024e+02 3.570074741280183730e+02 3.875268268997329528e+02 2.379512814006597239e+02 3.383585750853242189e+02 4.129005649717514075e+02 3.814097539734378302e+02 3.262180696661828847e+02 3.549421503700818334e+02 3.658813012167867100e+02 3.150382488479262406e+02 2.934802773129333104e+02 0.000000000000000000e+00 5.510360048468063496e+02 4.218413497390007478e+02 4.407437050359712316e+02 3.822401978099611597e+02 4.299072548498538140e+02 4.616129173989455126e+02 3.574849908107004239e+02 4.746727807971014386e+02 4.286842584167424661e+02 4.239338942307692264e+02 3.589173253578294975e+02 3.509496285558977888e+02 3.236979576541127699e+02 4.382303664921465725e+02 4.000482921083627730e+02 4.176782237403928093e+02 3.885489293115358009e+02 4.505379710144927685e+02 4.711990574506283451e+02 3.282434604205847108e+02 3.798146314631463270e+02 4.083593750000000000e+02
6.094039076376553794e+02 5.473653419406899729e+02 6.420202498107494193e+02 4.496972143722244368e+02 5.299676863420938844e+02 4.672706814580031960e+02 6.115555324459234043e+02 3.356871181938910809e+02 4.544658036150464113e+02 6.458262521588945901e+02 5.399126103045829268e+02 3.037481190709846146e+02 6.591215846994535923e+02 4.773394220283533400e+02 5.006927252985884707e+02 4.534025938935423028e+02 6.189296264118157751e+02 4.569067796610169694e+02 4.298133954154727689e+02 5.510360048468063496e+02 0.000000000000000000e+00 2.152248117604876256e+02 5.708801903114186871e+02 2.069207336027354813e+02 4.905907140070229957e+02 3.161205702647657745e+02 2.528740973312401934e+02 3.327405886379192452e+02 1.282196095829636135e+02 5.938109107720757720e+02 5.054436488169365020e+02 2.499092797783933406e+02 4.569067605633802600e+02 6.012902178952248278e+02 4.327374005305039759e+02 1.929664192294096949e+02 3.416407697790448879e+02 4.010975329890992498e+02 5.099956363636363790e+02 3.328003791982665120e+02 4.733218510786360298e+02 4.218335273573923132e+02
5.521756249999999682e+02 4.539927783350050277e+02 5.379025452877780253e+02 3.903924229573084403e+02 1.704025667004390527e+02 3.101649987795948391e+02 4.534762231367169534e+02 2.960832007274380544e+02 2.511267605633802873e+02 4.005560344827586050e+02 4.490582986317668315e+02 2.778369468369468223e+02 5.211055295950155823e+02 3.444863896848137301e+02 3.278613595706618753e+02 2.861829194427619427e+02 3.365329536208299714e+02 4.463101604278074888e+02 4.261907216494845443e+02 4.218413497390007478e+02 2.152248117604876256e+02 0.000000000000000000e+00 4.870468916518649962e+02 4.293009940357852656e+02 5.070310186817060298e+02 5.547406161014755526e+02 3.574280098280098059e+02 2.340463449593884491e+02 4.171807384456493537e+02 4.943273942093541109e+02 4.178756423432682254e+02 3.841975390024170451e+02 4.204384161015095174e+02 4.548219248584662751e+02 4.065190707350901675e+02 3.828256762559038293e+02 3.479445972495088313e+02 5.120105529759391629e+02 5.210808955223880048e+02 4.113160621761658149e+02 3.467763527054108295e+02 3.787116477272727479e+02
5.909896507115136046e+02 5.389574573336631147e+02 5.740382445141066228e+02 2.958895705521472337e+02 5.022337807606264164e+02 5.775890947968638329e+02 5.242450980392156907e+02 5.737839620696763632e+02 4.389758778625954392e+02 4.644841075794620906e+02 3.895848513902205354e+02 4.884214942069516496e+02 1.568739255014326659e+02 5.293608284883721353e+02 4.453942976356050281e+02 5.599907638542186987e+02 3.920130641330166554e+02 4.203644375324001885e+02 4.235372733378106318e+02 4.407437050359712316e+02 5.708801903114186871e+02 4.870468916518649962e+02 0.000000000000000000e+00 4.700202078521940052e+02 2.418491620111731777e+02 3.784287439613526658e+02 3.344335778321108137e+02 5.992486631016042793e+02 4.405204476969436200e+02 3.088207547169811207e+01 1.576279799247176925e+02 2.992816440915460134e+02 2.174267457781834878e+02 6.657936507936507553e+01 3.017649918962723063e+02 3.504828741623231849e+02 2.738349514563107050e+02 3.589814241486068340e+02 2.246746987951807171e+02 2.121017681728880291e+02 2.829071161048689191e+02 2.248532818532818567e+02
5.010720961281708696e+02 4.370128136679124395e+02 5.103988153998025723e+02 3.044267721148213468e+02 3.932459733545436507e+02 3.269339784946236591e+02 5.172566477955052733e+02 3.248759645061728634e+02 3.493743660673121099e+02 4.886597139451728253e+02 3.975102755721625272e+02 2.598673071149804628e+02 5.385342857142857156e+02 4.137864302235929017e+02 4.034326683291770337e+02 4.240242630385487246e+02 4.652322877230935774e+02 3.857690435629106673e+02 3.344363213639886112e+02 3.822401978099611597e+02 2.069207336027354813e+02 4.293009940357852656e+02 4.700202078521940052e+02 0.000000000000000000e+00 4.368437325905292710e+02 3.604729654403567451e+02 2.792724395206873282e+02 4.599922105828632652e+02 1.753848323409589511e+02 5.193147921760390773e+02 4.097951132033176691e+02 1.947241620111731777e+02 2.855162287480679879e+02 5.227454100367197043e+02 3.973756906077347821e+02 2.553994887287938695e+02 3.598529650690495600e+02 3.839375000000000000e+02 4.815569649988254923e+02 3.416234900576101268e+02 4.348854193548386888e+02 4.122437020810514809e+02
5.799912035185925561e+02 5.018291027154663766e+02 5.699711593375213852e+02 2.709130757800891729e+02 5.423033210332102954e+02 5.531660245183887810e+02 5.036490341753343500e+02 4.840705913692061699e+02 5.610675909878682432e+02 4.971028571428571468e+02 4.368082658713250908e+02 5.052447075708647048e+02 3.146306818181818130e+02 5.805690265486725821e+02 3.428078703703703809e+02 4.767574692442882451e+02 1.699089861751152171e+02 2.999838243789716898e+02 2.817032051282051270e+02 4.299072548498538140e+02 4.905907140070229957e+02 5.070310186817060298e+02 2.418491620111731777e+02 4.368437325905292710e+02 0.000000000000000000e+00 5.338512920526571861e+02 3.917292497281623582e+02 5.467318116975749263e+02 5.560849778493757185e+02 2.726082474226803924e+02 2.696121842496285126e+02 3.905266323024055168e+02 3.024998036906164316e+02 2.935534759358288852e+02 3.805343750000000114e+02 4.877256505576208383e+02 3.364024461269656285e+02 4.502073515551366540e+02 9.911491442542786956e+01 2.881910631741140492e+02 3.151959334565619315e+02 2.889801324503310980e+02
5.110777414075286629e+02 4.903157368026019753e+02 5.817004436142890427e+02 1.520380601596071131e+02 5.677035443037974574e+02 5.838734033494181404e+02 4.972298822374877432e+02 4.097998982964658126e+02 5.089639111659469677e+02 5.459714003944773140e+02 3.998742878845423547e+02 4.940464547677261749e+02 5.420763033175355758e+02 5.253343465045592211e+02 4.439496350364963746e+02 5.195977759696229441e+02 5.658910081743869114e+02 1.692182502351834330e+02 1.070503519220357305e+02 4.616129173989455126e+02 3.161205702647657745e+02 5.547406161014755526e+02 3.784287439613526658e+02 3.604729654403567451e+02 5.338512920526571861e+02 0.000000000000000000e+00 3.443377893707205999e+02 6.612079422382671510e+02 2.980541259982254019e+02 5.206751754945755692e+02 5.271186497326202698e+02 2.345422077922077904e+02 4.155417840375586707e+02 5.910611353711790343e+02 5.447063679245283083e+02 3.724728260869565020e+02 3.514126163391933915e+02 3.198261474269819473e+02 3.733451178451178407e+02 3.608235475896167941e+02 5.044833132287897115e+02 4.349609483960948637e+02
5.187516034985422948e+02 4.263547667342799059e+02 5.080983290488431976e+02 3.027938596491227941e+02 3.820728094401205226e+02 2.739025920873124278e+02 3.504682478959448986e+02 3.587652795838751558e+02 3.499816053511705718e+02 3.808806438947781885e+02 3.204017038007863789e+02 3.164631611128095301e+02 3.914067289719625933e+02 3.765786322092656633e+02 3.038655717761557185e+02 3.373160364338945669e+02 2.528631221719456903e+02 3.010238989416183131e+02 3.299038153254248300e+02 3.574849908107004239e+02 2.528740973312401934e+02 3.574280098280098059e+02 3.344335778321108137e+02 2.792724395206873282e+02 3.917292497281623582e+02 3.443377893707205999e+02 0.000000000000000000e+00 4.958708487084870740e+02 4.581132669113791280e+02 3.580094808126410726e+02 3.605176336746302468e+02 3.346310309801929748e+02 3.785686675761709807e+02 3.725428824049513423e+02 3.713184796854521892e+02 4.233471980074720022e+02 2.603671641791044635e+02 4.072926208651399520e+02 3.392359625668449326e+02 1.966531492666091481e+02 2.888012209080503681e+02 2.917640364188163744e+02
6.694877521613832414e+02 6.130912244897958772e+02 5.812064090480678260e+02 6.541142857142857565e+02 2.819370731707317077e+02 4.301259324265028567e+02 5.837842676841796674e+02 4.491130262786097660e+02 4.121820475847152352e+02 5.969123085050184727e+02 6.224600811907984053e+02 3.607690100430415896e+02 5.391903754627181797e+02 4.593278201865987853e+02 4.381476543209876695e+02 3.554989320803075543e+02 5.572514840798704654e+02 6.226945781199871135e+02 6.204462046204620265e+02 4.746727807971014386e+02 3.327405886379192452e+02 2.340463449593884491e+02 5.992486631016042793e+02 4.599922105828632652e+02 5.467318116975749263e+02 6.612079422382671510e+02 4.958708487084870740e+02 0.000000000000000000e+00 6.231954967834167292e+02 5.414742900997697461e+02 3.284773922187171138e+02 3.763551646706586666e+02 4.130263580842172928e+02 5.280161104718066554e+02 2.705385365853658755e+02 3.558562223117197050e+02 3.070379426644182104e+02 5.392068155111633132e+02 5.378746383799420983e+02 3.317632058287795758e+02 2.985521927115503331e+02 4.605396687009589982e+02
5.149871071716357847e+02 4.276982682060390744e+02 5.494998747808665485e+02 2.776417973717677228e+02 4.301639102185469596e+02 4.422766118836915439e+02 4.732518602029312547e+02 2.721634045077105384e+02 3.587876984126984325e+02 4.735919003115265014e+02 3.970882712278558415e+02 2.873708124759337466e+02 5.540348178137651303e+02 4.645791271347248426e+02 4.140475144191156005e+02 3.389281456953642646e+02 4.472617635429023153e+02 2.632254720473898715e+02 3.103899688958009051e+02 4.286842584167424661e+02 1.282196095829636135e+02 4.171807384456493537e+02 4.405204476969436200e+02 1.753848323409589511e+02 5.560849778493757185e+02 2.980541259982254019e+02 4.581132669113791280e+02 6.231954967834167292e+02 0.000000000000000000e+00 5.646562814070351806e+02 4.408771769019248268e+02 2.034734075448361068e+02 3.362867998874190789e+02 5.278069226608977260e+02 3.689201720841300016e+02 1.676605733277939407e+02 3.159660114660114800e+02 2.788018271257905667e+02 4.752198013457225443e+02 3.444224868330661593e+02 4.363731744811683484e+02 3.928465134398130090e+02
6.443167451244115682e+02 5.408612716763005892e+02 5.513072487644151352e+02 3.954193888303477138e+02 5.419502982107355820e+02 6.099894815927873424e+02 5.077244414353419302e+02 5.530422116527943217e+02 5.100920526014865573e+02 5.334641350210970359e+02 3.451619256017505677e+02 5.333484444444444534e+02 1.744308681672025614e+02 5.837309589041095705e+02 3.237631389488840910e+02 5.282345399698340316e+02 4.582541899441340547e+02 4.309777003484320517e+02 4.772478485370051544e+02 4.239338942307692264e+02 5.938109107720757720e+02 4.943273942093541109e+02 3.088207547169811207e+01 5.193147921760390773e+02 2.726082474226803924e+02 5.206751754945755692e+02 3.580094808126410726e+02 5.414742900997697461e+02 5.646562814070351806e+02 0.000000000000000000e+00 1.907216274089935837e+02 3.500076796489303206e+02 2.555030927835051671e+02 8.839080459770114828e+01 3.777505518763796886e+02 4.985902461257976483e+02 2.928069565217391528e+02 4.058169014084506898e+02 2.593785714285714334e+02 2.708804889090085908e+02 2.875679758308157261e+02 2.730243632336655537e+02
3.958350234009360520e+02 5.343730354099602664e+02 4.485159879748565004e+02 3.575318291700241957e+02 3.589015099519560863e+02 3.960793838862559255e+02 4.548415793321959768e+02 4.994750625842480076e+02 4.136424809830310210e+02 4.430365088419851531e+02 4.569523932729624676e+02 4.250705067673906115e+02 1.987840290381125214e+02 4.200138768430182381e+02 3.396499620349278530e+02 3.969434926360084432e+02 4.640580558055805795e+02 4.070783166109252988e+02 4.034199200737780302e+02 3.589173253578294975e+02 5.054436488169365020e+02 4.178756423432682254e+02 1.576279799247176925e+02 4.097951132033176691e+02 2.696121842496285126e+02 5.271186497326202698e+02 3.605176336746302468e+02 3.284773922187171138e+02 4.408771769019248268e+02 1.907216274089935837e+02 0.000000000000000000e+00 3.289276785714285438e+02 2.660865939704938796e+02 3.300418994413407745e+02 2.882893890675240982e+02 3.569101654846335805e+02 2.458907522759942594e+02 4.228879353861685786e+02 4.434617283950617548e+02 2.771064987117091505e+02 3.054661498708010186e+02 2.942925764192139582e+02
5.452209338765277380e+02 4.069322421012561790e+02 5.169815638906547974e+02 2.080898230088495495e+02 4.033369716674407641e+02 3.686944750165089317e+02 3.962047261484099181e+02 3.893787617404638581e+02 3.719949832775919845e+02 4.009673617407071902e+02 3.387298342541436682e+02 3.363417647058823263e+02 3.900594827586206748e+02 4.043148688046647408e+02 3.223067605633802941e+02 3.708072793925111341e+02 1.402414253897550225e+02 2.422904745876809045e+02 2.149560480841472554e+02 3.509496285558977888e+02 2.499092797783933406e+02 3.841975390024170451e+02 2.992816440915460134e+02 1.947241620111731777e+02 3.905266323024055168e+02 2.345422077922077904e+02 3.346310309801929748e+02 3.763551646706586666e+02 2.034734075448361068e+02 3.500076796489303206e+02 3.289276785714285438e+02 0.000000000000000000e+00 3.582609489051095011e+02 3.549538300104931636e+02 3.566124544551175859e+02 3.729880225457961274e+02 2.387318007662835271e+02 3.993846153846153584e+02 2.448655536028119570e+02 2.433486328125000000e+02 3.083097969991173954e+02 2.529471502590673708e+02
3.043045544554455546e+02 4.054468344155844193e+02 4.468197569175071067e+02 2.239620544269835136e+02 4.022615262321144769e+02 3.777084660901228972e+02 4.325571670292482622e+02 4.186698667711598887e+02 3.865489961042852656e+02 4.466221662468514069e+02 3.100050473186120144e+02 3.853890859481582538e+02 2.707821252059308108e+02 4.839814634146341632e+02 3.608738977072310377e+02 4.065460913421126179e+02 4.049308828149544297e+02 2.788117206982543621e+02 2.765811518324607050e+02 3.236979576541127699e+02 4.569067605633802600e+02 4.204384161015095174e+02 2.174267457781834878e+02 2.855162287480679879e+02 3.024998036906164316e+02 4.155417840375586707e+02 3.785686675761709807e+02 4.130263580842172928e+02 3.362867998874190789e+02 2.555030927835051671e+02 2.660865939704938796e+02 3.582609489051095011e+02 0.000000000000000000e+00 4.499092319627618508e+02 3.878296703296703072e+02 3.624691237490847016e+02 3.005324675324675354e+02 3.630339277946933407e+02 4.414468354430379691e+02 3.350642710472279191e+02 4.090446681346335254e+02 3.845214341387373338e+02
6.136666666666666288e+02 5.921813355685945908e+02 5.575233611010503409e+02 5.451849082256968586e+02 5.377083616587354982e+02 5.874126984126984325e+02 5.259602776706517488e+02 5.619338061465721239e+02 5.726063268892794440e+02 5.449419448476052139e+02 5.311166500498504774e+02 5.383650934995547459e+02 1.805928338762215049e+02 5.888040752351097353e+02 3.261733723482077494e+02 4.580423991726990494e+02 4.641511312217194813e+02 5.152434033387183945e+02 5.170901007705987240e+02 4.382303664921465725e+02 6.012902178952248278e+02 4.548219248584662751e+02 6.657936507936507553e+01 5.227454100367197043e+02 2.935534759358288852e+02 5.910611353711790343e+02 3.725428824049513423e+02 5.280161104718066554e+02 5.278069226608977260e+02 8.839080459770114828e+01 3.300418994413407745e+02 3.549538300104931636e+02 4.499092319627618508e+02 0.000000000000000000e+00 4.523762711864407038e+02 4.794031731217918946e+02 3.131160572337042822e+02 4.700000000000000000e+02 3.442462987886945029e+02 2.493789364997418829e+02 2.336833527357392200e+02 2.107444089456868994e+02
5.051073573573573299e+02 5.833344534050179391e+02 4.591219621962196129e+02 3.806857275685727586e+02 3.372395409107737692e+02 4.425251879699247866e+02 5.252898443291327339e+02 5.033269461077844085e+02 3.978189757840412994e+02 5.597293700088731612e+02 4.309807928075194354e+02 3.545647058823529392e+02 3.454247948951686453e+02 4.261277123372597657e+02 3.892812731310140748e+02 3.963857664233576656e+02 5.120424028268550956e+02 4.430185528756957183e+02 4.242932232841008044e+02 4.000482921083627730e+02 4.327374005305039759e+02 4.065190707350901675e+02 3.017649918962723063e+02 3.973756906077347821e+02 3.805343750000000114e+02 5.447063679245283083e+02 3.713184796854521892e+02 2.705385365853658755e+02 3.689201720841300016e+02 3.777505518763796886e+02 2.882893890675240982e+02 3.566124544551175859e+02 3.878296703296703072e+02 4.523762711864407038e+02 0.000000000000000000e+00 3.950098389982110803e+02 2.353923487544483919e+02 4.898638211382113923e+02 4.705505300353356688e+02 1.794685615848406428e+02 2.269990732159406832e+02 2.244626576139670249e+02
5.512648221343873729e+02 4.554159257063821542e+02 5.204441279579316415e+02 2.804274277758440803e+02 3.181155764966740662e+02 3.883349392062399374e+02 4.432700127064803155e+02 2.440451021846370736e+02 3.058186885245901863e+02 4.311725612125923135e+02 4.260394228291677337e+02 2.874943705220061361e+02 4.869969708443771310e+02 4.318405599180607624e+02 3.608563283922462688e+02 3.413906673901248041e+02 4.178748577929465569e+02 3.086372692645766165e+02 3.293474135292316873e+02 4.176782237403928093e+02 1.929664192294096949e+02 3.828256762559038293e+02 3.504828741623231849e+02 2.553994887287938695e+02 4.877256505576208383e+02 3.724728260869565020e+02 4.233471980074720022e+02 3.558562223117197050e+02 1.676605733277939407e+02 4.985902461257976483e+02 3.569101654846335805e+02 3.729880225457961274e+02 3.624691237490847016e+02 4.794031731217918946e+02 3.950098389982110803e+02 0.000000000000000000e+00 2.762676881478143400e+02 2.988303030303030141e+02 3.878539823008849794e+02 2.889440894568689941e+02 3.545331023864511053e+02 3.281139800811508849e+02
4.632492041837198826e+02 4.576829268292682968e+02 4.235604490500863335e+02 2.970198598130841106e+02 3.805510413110276318e+02 5.154814388489209023e+02 4.353084799999999746e+02 4.158045404208194782e+02 3.658278070836473148e+02 4.816504401864319220e+02 2.296094541361845813e+02 3.634601393188854672e+02 2.690572951365755898e+02 4.213660267111853273e+02 3.810698822635776537e+02 4.086730428622033173e+02 2.665558598028477491e+02 3.447586516853932608e+02 3.516596032461677055e+02 3.885489293115358009e+02 3.416407697790448879e+02 3.479445972495088313e+02 2.738349514563107050e+02 3.598529650690495600e+02 3.364024461269656285e+02 3.514126163391933915e+02 2.603671641791044635e+02 3.070379426644182104e+02 3.159660114660114800e+02 2.928069565217391528e+02 2.458907522759942594e+02 2.387318007662835271e+02 3.005324675324675354e+02 3.131160572337042822e+02 2.353923487544483919e+02 2.762676881478143400e+02 0.000000000000000000e+00 4.438881262868908948e+02 4.241801020408163367e+02 2.401940998994301140e+02 2.584985250737462934e+02 2.636631330977620564e+02
5.636971556051311154e+02 4.964718397997496595e+02 5.356896293523025179e+02 1.646575481256332409e+02 5.483111401218450283e+02 5.806423236514523296e+02 5.286036156678942461e+02 4.375105227427019940e+02 5.270093066542577844e+02 5.453268698060942370e+02 4.046594778660613088e+02 4.590305380513814839e+02 4.243725135623869846e+02 5.787053892215568567e+02 3.753566155593412645e+02 4.729286941580755865e+02 8.796765119549930034e+01 2.316196363636363742e+02 2.195182879377431959e+02 4.505379710144927685e+02 4.010975329890992498e+02 5.120105529759391629e+02 3.589814241486068340e+02 3.839375000000000000e+02 4.502073515551366540e+02 3.198261474269819473e+02 4.072926208651399520e+02 5.392068155111633132e+02 2.788018271257905667e+02 4.058169014084506898e+02 4.228879353861685786e+02 3.993846153846153584e+02 3.630339277946933407e+02 4.700000000000000000e+02 4.898638211382113923e+02 2.988303030303030141e+02 4.438881262868908948e+02 0.000000000000000000e+00 2.033498759305210797e+02 2.995156585156585152e+02 3.694744623655914211e+02 3.402450980392156907e+02
