0.000000000000000000e+00 1.417948389284503264e+03 1.243202481493066443e+03 1.376385536075522623e+03 1.578534630882688361e+03 2.929623781747038265e+03 1.451623400673400738e+03 1.300943665228113332e+03 1.348268674001158161e+03 1.464382022471910204e+03 1.452010129118432815e+03 1.455089203834931141e+03 1.460179748405386363e+03 1.707637522334723144e+03 1.463535703433606841e+03 1.390239732955694990e+03 1.410014270141710540e+03 1.657192325262677059e+03 1.536142541784925925e+03 1.560697730711043960e+03 1.510235634648370478e+03 1.732572580645161224e+03 1.407669863442093174e+03 1.631038153165606900e+03 1.409341630471099279e+03 1.751837771548703586e+03 1.758589279538904975e+03 1.499767326277036318e+03 1.905283938283938369e+03 1.639961791044776191e+03 1.517630114295179737e+03 1.362737214027029495e+03 1.464396047430830095e+03 1.267550460422286278e+03 1.850721679545123152e+03 1.396043102561464821e+03 1.438261615628299978e+03 1.624960859634551525e+03 1.822563894223666694e+03 1.929629703188789563e+03 1.528628980773513376e+03 1.948558366091266407e+03 1.749200964630225144e+03
1.417948389284503264e+03 0.000000000000000000e+00 1.086437559650539697e+03 1.054275595570074074e+03 1.224195124946276110e+03 2.493503948025987029e+03 1.179155355011933125e+03 9.394853071521101811e+02 1.173941605839416070e+03 1.088319919729615549e+03 1.089868425234387360e+03 1.330930570390942194e+03 1.047740078937926000e+03 1.310527604166666606e+03 1.171934951549457992e+03 1.206420731210813528e+03 1.179794447274579625e+03 1.315355786844296517e+03 1.061710231316725867e+03 1.149132317903335661e+03 1.226921590508633926e+03 1.267363375475064004e+03 1.140798406549228957e+03 1.336898547155872848e+03 1.217618105477447671e+03 1.346152196435971746e+03 1.261261576399671185e+03 1.301085051720640877e+03 1.279302135787463158e+03 1.175595531786422953e+03 1.298147058823529505e+03 1.205163608348508205e+03 1.223145903771131316e+03 1.207963271407217690e+03 1.345787120418848190e+03 1.215955390334572485e+03 1.180411606203995689e+03 1.182179996603837708e+03 1.333964270613107828e+03 1.321412467338559054e+03 1.264600415033433137e+03 1.331949211440791260e+03 1.282999012914370269e+03
1.243202481493066443e+03 1.086437559650539697e+03 0.000000000000000000e+00 8.239049893842887968e+02 8.531507919288349058e+02 2.767144669143918691e+03 7.365554290053150908e+02 1.171199623777276202e+03 6.682344490294972275e+02 7.312170958512160723e+02 7.024674459698246665e+02 6.898282786885246196e+02 7.008556064073226253e+02 8.679962313616254050e+02 6.140836030204961844e+02 6.810009532888465174e+02 7.436831387455878257e+02 1.008317539692461537e+03 9.165560296147572217e+02 8.556972844450006050e+02 8.204117585411863729e+02 8.375862113736691299e+02 8.151229831480817438e+02 6.979289576729441933e+02 9.560440903314106436e+02 8.879288771814290158e+02 8.946590519703026985e+02 1.030983906087285732e+03 9.271593391206945398e+02 6.332629614267938223e+02 7.132168256721595299e+02 9.017795095367847580e+02 9.506248202177932853e+02 9.221277633289987534e+02 9.281798534110129140e+02 7.111806350858927317e+02 8.701937627811861375e+02 7.817322636255138377e+02 8.990374689351940560e+02 9.499177559912853894e+02 8.997007496251874272e+02 8.471716923076922967e+02 5.538242859844903023e+02
1.376385536075522623e+03 1.054275595570074074e+03 8.239049893842887968e+02 0.000000000000000000e+00 8.130858420593368692e+02 2.641627438471611185e+03 7.778417291889960552e+02 1.007812515540820527e+03 8.612846595570139243e+02 9.902921505806967843e+02 8.225301893987542599e+02 9.713607730851825863e+02 6.313837426754769240e+02 1.061309700781398988e+03 8.503930575035062702e+02 9.294698519310029496e+02 8.857638563622169841e+02 1.179907843977711082e+03 9.307546529175050409e+02 1.024349931532428627e+03 9.163003259983699991e+02 7.426298268974700250e+02 8.512300992282249581e+02 1.011801205919970812e+03 9.363219730070881042e+02 1.118277519091078375e+03 1.065717995069843937e+03 1.143940851976708473e+03 1.047833629749393594e+03 9.436489959839357198e+02 9.804010101010101152e+02 1.016749622622521883e+03 1.060781230183893513e+03 1.020354398750650716e+03 1.135088624853915007e+03 8.696328616352201379e+02 9.810357214328597593e+02 9.492289726759273663e+02 1.107478191911181511e+03 1.089553433777154851e+03 1.002894870751068538e+03 9.771815280978549936e+02 8.995049187828872164e+02
1.578534630882688361e+03 1.224195124946276110e+03 8.531507919288349058e+02 8.130858420593368692e+02 0.000000000000000000e+00 2.585240071364852611e+03 8.153333727950752063e+02 9.496330014224751039e+02 3.444962190884937741e+02 8.584224010510756671e+02 4.854788029925186947e+02 9.579265250438511430e+02 7.779047085201793834e+02 8.018687559354226551e+02 6.384060409924487658e+02 7.208667765622658408e+02 7.751820010729613841e+02 8.526085578446909494e+02 7.446895471375676152e+02 7.739677191993233691e+02 8.036262940999095008e+02 7.381156347186881703e+02 7.594226833428084547e+02 8.355073452256033306e+02 6.475376036602802969e+02 8.631234247590807627e+02 6.661083347894460758e+02 7.438634548842161394e+02 4.296604018146467752e+02 6.302729484268569422e+02 7.870584079133301429e+02 7.031949480861615029e+02 7.357526973310618814e+02 5.860535975312652681e+02 5.757528764382191184e+02 7.165565905096660799e+02 7.334730980619033289e+02 5.928366581415174323e+02 8.032463120250334896e+02 7.334669871794872051e+02 7.746836767720358239e+02 9.034107092398983241e+02 8.501904275686024448e+02
2.929623781747038265e+03 2.493503948025987029e+03 2.767144669143918691e+03 2.641627438471611185e+03 2.585240071364852611e+03 0.000000000000000000e+00 2.777978802726885533e+03 2.832207339050459723e+03 3.061825834879406102e+03 2.992098599970106079e+03 2.929273223274314660e+03 3.171958569299552892e+03 3.139670338677420204e+03 3.054561984334203771e+03 3.051437466995247178e+03 3.132044246451222989e+03 2.877965062263340769e+03 3.204037528252803895e+03 2.980499561051948604e+03 2.895825962135319514e+03 3.034590958622622111e+03 2.843028257176070838e+03 2.877928998990335913e+03 3.086683333333333394e+03 2.804060767283099722e+03 3.184701993439313810e+03 3.003273875606451384e+03 2.937243571201805935e+03 3.100877973866416596e+03 2.966766636637813008e+03 3.109957658128593721e+03 3.130496610638444963e+03 3.004123340725239814e+03 3.083696340872933433e+03 3.240910520839708624e+03 3.086111150484290192e+03 2.897365206603683419e+03 3.194521502825346033e+03 3.177455387557521135e+03 3.223608514118457151e+03 2.983167914070084407e+03 3.214371924021450468e+03 3.173580168684175987e+03
1.451623400673400738e+03 1.179155355011933125e+03 7.365554290053150908e+02 7.778417291889960552e+02 8.153333727950752063e+02 2.777978802726885533e+03 0.000000000000000000e+00 9.228310451106752907e+02 6.598307860262008262e+02 8.117593265735603154e+02 5.086271063598478008e+02 7.322291510142749758e+02 8.389886168100595114e+02 6.599801523194091715e+02 5.410557446808510349e+02 8.078328538985616660e+02 7.361597661958110166e+02 7.537957499121882847e+02 6.545209701869631544e+02 5.772391265437622678e+02 7.080780256761810278e+02 7.764832913518051782e+02 5.700392711834424517e+02 6.970142027114267194e+02 6.064928517682468510e+02 6.405025744347436785e+02 6.193435496794871824e+02 6.884502233567326357e+02 7.951613832853025770e+02 6.596031382228491111e+02 8.041745995939544400e+02 6.587486461251166929e+02 4.543569196838816424e+02 5.507742608036390948e+02 7.499080685971324556e+02 7.510111829460073523e+02 6.465558202318563872e+02 6.949725413826679414e+02 7.295740318906606490e+02 6.573470656820832119e+02 6.595507111524657375e+02 7.676228170083522855e+02 6.946283967391303804e+02
1.300943665228113332e+03 9.394853071521101811e+02 1.171199623777276202e+03 1.007812515540820527e+03 9.496330014224751039e+02 2.832207339050459723e+03 9.228310451106752907e+02 0.000000000000000000e+00 1.267645826349312756e+03 1.240792580469176301e+03 1.226550472803685352e+03 1.278258540372670723e+03 9.174954453441295072e+02 1.376792067543687381e+03 1.303716482817140331e+03 1.198188266431407101e+03 1.222585573355054748e+03 1.369052232958997138e+03 1.158274756931941056e+03 1.102447563317180311e+03 1.152144045368620027e+03 1.327749642474079337e+03 1.196270598577479404e+03 1.299569396315885569e+03 1.178654938227006824e+03 1.391279377431906596e+03 1.355869661674986219e+03 1.285169092691756532e+03 1.389695711104656766e+03 1.311508033664881395e+03 1.364115882285583439e+03 1.128987543252595060e+03 1.161509303522835808e+03 1.229303499671220834e+03 1.363662696140190064e+03 1.260987961622013017e+03 1.264300687406987436e+03 1.252190577367205606e+03 1.356254229485556380e+03 1.353294638069705115e+03 1.151819133362611637e+03 1.345914465528749815e+03 1.272229356857113544e+03
1.348268674001158161e+03 1.173941605839416070e+03 6.682344490294972275e+02 8.612846595570139243e+02 3.444962190884937741e+02 3.061825834879406102e+03 6.598307860262008262e+02 1.267645826349312756e+03 0.000000000000000000e+00 8.167691260549959225e+02 5.277432655305112803e+02 8.374777942264988724e+02 7.158242684234717217e+02 6.299479960251738930e+02 4.429700551615445079e+02 5.642323125659978587e+02 7.282474275023386099e+02 5.782865030674846594e+02 8.513870711877850681e+02 7.518916051660517041e+02 5.871952828632689716e+02 7.002465934897804800e+02 6.288041342611543314e+02 5.114589648269945883e+02 4.455282445839238790e+02 6.662971446501411492e+02 5.748128483426224875e+02 5.469629629629629335e+02 4.368434753211629413e+02 3.655306770098730453e+02 6.457693856998993169e+02 4.911659852820932315e+02 5.012653194263363616e+02 4.841751626898047789e+02 6.375739058629231977e+02 5.993241106719367508e+02 5.410829408686551005e+02 5.660928415129727682e+02 6.117577186963978875e+02 6.442136261542300417e+02 4.731011235955056122e+02 5.799471875000000409e+02 5.889503424657534651e+02
1.464382022471910204e+03 1.088319919729615549e+03 7.312170958512160723e+02 9.902921505806967843e+02 8.584224010510756671e+02 2.992098599970106079e+03 8.117593265735603154e+02 1.240792580469176301e+03 8.167691260549959225e+02 0.000000000000000000e+00 5.875975130890052469e+02 1.190518796992481157e+03 1.041704227812718273e+03 8.213469101123595237e+02 9.270284043441938593e+02 8.208767690714532819e+02 7.827807800152944537e+02 8.411066982809721821e+02 9.027626836706403992e+02 8.684285714285714448e+02 7.329108577835918368e+02 9.616858782435130024e+02 6.679053270770079962e+02 8.821961874503574563e+02 6.844422233057044878e+02 8.401710261569415934e+02 7.444175779667881443e+02 5.692235609103079241e+02 9.425547237076648344e+02 6.427084059993023857e+02 9.635677083333333712e+02 6.870464904284411887e+02 6.261277089783282008e+02 6.409036144578312815e+02 9.789398230088495438e+02 8.683367346938775881e+02 6.105321831453218238e+02 8.699096280848106062e+02 8.670118110236220446e+02 8.284225067385444845e+02 6.859214360041623877e+02 7.511953216374269005e+02 9.477362296353762758e+02
1.452010129118432815e+03 1.089868425234387360e+03 7.024674459698246665e+02 8.225301893987542599e+02 4.854788029925186947e+02 2.929273223274314660e+03 5.086271063598478008e+02 1.226550472803685352e+03 5.277432655305112803e+02 5.875975130890052469e+02 0.000000000000000000e+00 4.460880000000000223e+02 6.948959472724723128e+02 6.321276780544296798e+02 4.941914960629921438e+02 6.177978198272315922e+02 5.944673263629574649e+02 6.890685506969639391e+02 6.940070168784372981e+02 6.490516379789006578e+02 6.022339987325728998e+02 7.155281148867313732e+02 6.903463850528025887e+02 3.925774027879677419e+02 6.799682897505259689e+02 6.846971286581998584e+02 6.508329519450801399e+02 7.572988540870893530e+02 7.181710493363385694e+02 5.489535186794091715e+02 3.699319169483341625e+02 6.362339291852870247e+02 7.125460072297074703e+02 6.386119729877715372e+02 6.976775867661368693e+02 5.037514863258026026e+02 6.069784856571047840e+02 4.946824468085106332e+02 6.659589041095890707e+02 6.567922948073702401e+02 6.573668740279937310e+02 5.671675421620127509e+02 4.257280361757105993e+02
1.455089203834931141e+03 1.330930570390942194e+03 6.898282786885246196e+02 9.713607730851825863e+02 9.579265250438511430e+02 3.171958569299552892e+03 7.322291510142749758e+02 1.278258540372670723e+03 8.374777942264988724e+02 1.190518796992481157e+03 4.460880000000000223e+02 0.000000000000000000e+00 1.020615329640879054e+03 3.756417233560090949e+02 1.186458138173302132e+03 6.670649572649572292e+02 7.463535603715170055e+02 5.138495575221238596e+02 8.604187919463087155e+02 7.778722927557879530e+02 8.486407875185735747e+02 1.069389731621937017e+03 6.092734193975504695e+02 3.970145348837209553e+02 5.926300174520069959e+02 4.366838777660695428e+02 5.833798947983635799e+02 4.040926243567752749e+02 6.639069767441860677e+02 5.033569958847736530e+02 4.454885245901639337e+02 4.050230024213075239e+02 4.088215223097112698e+02 4.255912280701754185e+02 4.556462585034013841e+02 5.100097465886939290e+02 4.748954869358669839e+02 7.898149253731343151e+02 4.918981670061099862e+02 4.352204899777282776e+02 7.919714356681570280e+02 3.820736301369863099e+02 1.117096140100071580e+03
1.460179748405386363e+03 1.047740078937926000e+03 7.008556064073226253e+02 6.313837426754769240e+02 7.779047085201793834e+02 3.139670338677420204e+03 8.389886168100595114e+02 9.174954453441295072e+02 7.158242684234717217e+02 1.041704227812718273e+03 6.948959472724723128e+02 1.020615329640879054e+03 0.000000000000000000e+00 1.028832714382174117e+03 6.737412420382165692e+02 8.789890129363814140e+02 9.091474488325166021e+02 1.087005048037778806e+03 7.470809006211179621e+02 8.349205760095011328e+02 8.914096817570596158e+02 7.564036445734559493e+02 9.073762682504330996e+02 1.040550357626135792e+03 9.738966527668206936e+02 1.060440943582975933e+03 1.060764925373134247e+03 1.046883698659289166e+03 1.032485661708326916e+03 1.015442979278365442e+03 9.756876706574248601e+02 9.299714998218738629e+02 9.874440968601552413e+02 9.161820276497695659e+02 1.079953985872855810e+03 9.204557676348547375e+02 9.372364682002706786e+02 9.921728677733257200e+02 1.056975559663175090e+03 1.033025225225225313e+03 1.001343736407133520e+03 1.000970151636073410e+03 8.095816725283314099e+02
1.707637522334723144e+03 1.310527604166666606e+03 8.679962313616254050e+02 1.061309700781398988e+03 8.018687559354226551e+02 3.054561984334203771e+03 6.599801523194091715e+02 1.376792067543687381e+03 6.299479960251738930e+02 8.213469101123595237e+02 6.321276780544296798e+02 3.756417233560090949e+02 1.028832714382174117e+03 0.000000000000000000e+00 5.488770843258694185e+02 6.223657870791628284e+02 6.936261333333333141e+02 4.922279138827022962e+02 8.069894459102902147e+02 5.287078722731583866e+02 5.818410441974669993e+02 7.560644190246839571e+02 6.908688656476267624e+02 2.050335051546391867e+02 5.333328452903855350e+02 3.206600361663652734e+02 4.157693084300858004e+02 3.914067289719625933e+02 4.218037542662116266e+02 4.704224960254372263e+02 2.404895397489539732e+02 1.987840290381125214e+02 4.021182986264953456e+02 3.788108903605592559e+02 2.365283842794759721e+02 4.535576451349141394e+02 3.545221162185602566e+02 4.190331308669243526e+02 4.234814479638009175e+02 2.216737720111214003e+02 2.887484933708316817e+02 2.705526717557252141e+02 1.982531380753138137e+02
1.463535703433606841e+03 1.171934951549457992e+03 6.140836030204961844e+02 8.503930575035062702e+02 6.384060409924487658e+02 3.051437466995247178e+03 5.410557446808510349e+02 1.303716482817140331e+03 4.429700551615445079e+02 9.270284043441938593e+02 4.941914960629921438e+02 1.186458138173302132e+03 6.737412420382165692e+02 5.488770843258694185e+02 0.000000000000000000e+00 6.410978689818468865e+02 7.597206865804726021e+02 5.775063559322034052e+02 6.786759358288769590e+02 6.927016706443913563e+02 6.187934499441756770e+02 6.425620009394082217e+02 4.798408152734778014e+02 6.121792102598717520e+02 5.055068592057761521e+02 6.576890894175553512e+02 5.912395077311455225e+02 3.273502570694087126e+02 4.625174681463213915e+02 4.551143255489717490e+02 7.087649926864943382e+02 5.914043922756532083e+02 5.540305688463582783e+02 5.737710478497880331e+02 6.363189591078066769e+02 7.101404958677685499e+02 5.452720915448188634e+02 5.531261127596438882e+02 6.158556641748131142e+02 5.853675742574257583e+02 4.982914469158449720e+02 6.430565253532834049e+02 5.506840598154628879e+02
1.390239732955694990e+03 1.206420731210813528e+03 6.810009532888465174e+02 9.294698519310029496e+02 7.208667765622658408e+02 3.132044246451222989e+03 8.078328538985616660e+02 1.198188266431407101e+03 5.642323125659978587e+02 8.208767690714532819e+02 6.177978198272315922e+02 6.670649572649572292e+02 8.789890129363814140e+02 6.223657870791628284e+02 6.410978689818468865e+02 0.000000000000000000e+00 7.165874881516588175e+02 8.132487575924903922e+02 8.150395195660596528e+02 7.829796170475601684e+02 6.879434364994664293e+02 7.261545298165137865e+02 6.274672917110590333e+02 8.105335801163405449e+02 6.581343659942363047e+02 6.406432671081677199e+02 6.332530525030524586e+02 6.534779361846572101e+02 6.814730679156908764e+02 6.510849121205204710e+02 6.793312564901350470e+02 6.439258278145695158e+02 6.091612288640152428e+02 6.348018150600931904e+02 6.851701680672268822e+02 6.637916984975807964e+02 5.935034267912772066e+02 6.601746885617213820e+02 6.613089643167971872e+02 6.220705212439771685e+02 7.199748471615720291e+02 8.382307254623044628e+02 7.924091773011132318e+02
1.410014270141710540e+03 1.179794447274579625e+03 7.436831387455878257e+02 8.857638563622169841e+02 7.751820010729613841e+02 2.877965062263340769e+03 7.361597661958110166e+02 1.222585573355054748e+03 7.282474275023386099e+02 7.827807800152944537e+02 5.944673263629574649e+02 7.463535603715170055e+02 9.091474488325166021e+02 6.936261333333333141e+02 7.597206865804726021e+02 7.165874881516588175e+02 0.000000000000000000e+00 7.207214496418035878e+02 7.148643682515628370e+02 8.336422707423580505e+02 7.173798263193052662e+02 5.622244463373083363e+02 7.355339823008849862e+02 8.902821634867844978e+02 6.935010882303699873e+02 7.510339276869736977e+02 7.082965286491007646e+02 7.063261065943992207e+02 5.326559854897218429e+02 5.808221317040054146e+02 8.585520164397636336e+02 7.805572916666666288e+02 7.560756464685449600e+02 6.667622777307366277e+02 7.710644237652111315e+02 8.075008214034264711e+02 6.930855534709193080e+02 6.853225052582379249e+02 7.432490589711418352e+02 7.934235870230564842e+02 7.669900862068965353e+02 7.941036803364878551e+02 8.469263941808105756e+02
1.657192325262677059e+03 1.315355786844296517e+03 1.008317539692461537e+03 1.179907843977711082e+03 8.526085578446909494e+02 3.204037528252803895e+03 7.537957499121882847e+02 1.369052232958997138e+03 5.782865030674846594e+02 8.411066982809721821e+02 6.890685506969639391e+02 5.138495575221238596e+02 1.087005048037778806e+03 4.922279138827022962e+02 5.775063559322034052e+02 8.132487575924903922e+02 7.207214496418035878e+02 0.000000000000000000e+00 5.603390256152687243e+02 7.504753424657534424e+02 3.924063499314755745e+02 7.285580952380952340e+02 4.452658559847400852e+02 3.862699884125144649e+02 3.272322899505766145e+02 5.272531948881788821e+02 2.390442583732057358e+02 2.647293986636971113e+02 5.766341463414634063e+02 4.350058500914076944e+02 4.582541899441340547e+02 4.407266094420600666e+02 1.393184007707129126e+02 4.224431619447359481e+02 5.371076271186440181e+02 4.521894818252126811e+02 3.912354403409090651e+02 2.665558598028477491e+02 8.796765119549930034e+01 5.352146558105107488e+02 3.224709342560553864e+02 4.573451178451178407e+02 3.546428571428571672e+02
1.536142541784925925e+03 1.061710231316725867e+03 9.165560296147572217e+02 9.307546529175050409e+02 7.446895471375676152e+02 2.980499561051948604e+03 6.545209701869631544e+02 1.158274756931941056e+03 8.513870711877850681e+02 9.027626836706403992e+02 6.940070168784372981e+02 8.604187919463087155e+02 7.470809006211179621e+02 8.069894459102902147e+02 6.786759358288769590e+02 8.150395195660596528e+02 7.148643682515628370e+02 5.603390256152687243e+02 0.000000000000000000e+00 5.927049376797698415e+02 5.398943776405590143e+02 5.339026527711985182e+02 6.776526488257782148e+02 6.561577629382303485e+02 7.375666722717336370e+02 9.894426655127650747e+02 8.515894248999368301e+02 7.241132370847103630e+02 9.644446581196581292e+02 6.430414878397710936e+02 1.003148127753303925e+03 7.138864653243847442e+02 6.758734928229664547e+02 6.855733333333333803e+02 9.917015299026425055e+02 8.436511627906976400e+02 6.816595348837208803e+02 7.523087818696883460e+02 9.645320604160729090e+02 8.420923391215526408e+02 5.216919792053472520e+02 8.540658682634730212e+02 5.827254030016675870e+02
1.560697730711043960e+03 1.149132317903335661e+03 8.556972844450006050e+02 1.024349931532428627e+03 7.739677191993233691e+02 2.895825962135319514e+03 5.772391265437622678e+02 1.102447563317180311e+03 7.518916051660517041e+02 8.684285714285714448e+02 6.490516379789006578e+02 7.778722927557879530e+02 8.349205760095011328e+02 5.287078722731583866e+02 6.927016706443913563e+02 7.829796170475601684e+02 8.336422707423580505e+02 7.504753424657534424e+02 5.927049376797698415e+02 0.000000000000000000e+00 5.193368114950393419e+02 8.573362586605080651e+02 7.204698488194326274e+02 8.023774296489700646e+02 3.800253359770874795e+02 8.244792626728110463e+02 7.959183871751274637e+02 6.654361971556594426e+02 8.607083741429970587e+02 7.372683741648106661e+02 6.183868778280542529e+02 7.123430997876857873e+02 6.535543455050182047e+02 6.068775065387968652e+02 8.794408293460925279e+02 7.056857058301272900e+02 7.527042474065374336e+02 8.752717417489761829e+02 8.780450623202301585e+02 7.261447142506744967e+02 5.943115455100794406e+02 8.405667052023121641e+02 6.754721080446271344e+02
1.510235634648370478e+03 1.226921590508633926e+03 8.204117585411863729e+02 9.163003259983699991e+02 8.036262940999095008e+02 3.034590958622622111e+03 7.080780256761810278e+02 1.152144045368620027e+03 5.871952828632689716e+02 7.329108577835918368e+02 6.022339987325728998e+02 8.486407875185735747e+02 8.914096817570596158e+02 5.818410441974669993e+02 6.187934499441756770e+02 6.879434364994664293e+02 7.173798263193052662e+02 3.924063499314755745e+02 5.398943776405590143e+02 5.193368114950393419e+02 0.000000000000000000e+00 6.071851913201921889e+02 5.378952649733458884e+02 5.741808753370670502e+02 6.544310805114514551e+02 5.681399042097302754e+02 5.856868143241564439e+02 6.143009213557090789e+02 5.156642890013805527e+02 5.850270316509837585e+02 5.877212290502793621e+02 4.948316004455996904e+02 5.515731727437716927e+02 5.179741248097412836e+02 6.132623447440170139e+02 6.119868819374369195e+02 5.202326018808777235e+02 5.695222843912791859e+02 6.060901217861975283e+02 5.164120498614958024e+02 5.656384603635252688e+02 5.498010550113036743e+02 5.375350360183366547e+02
1.732572580645161224e+03 1.267363375475064004e+03 8.375862113736691299e+02 7.426298268974700250e+02 7.381156347186881703e+02 2.843028257176070838e+03 7.764832913518051782e+02 1.327749642474079337e+03 7.002465934897804800e+02 9.616858782435130024e+02 7.155281148867313732e+02 1.069389731621937017e+03 7.564036445734559493e+02 7.560644190246839571e+02 6.425620009394082217e+02 7.261545298165137865e+02 5.622244463373083363e+02 7.285580952380952340e+02 5.339026527711985182e+02 8.573362586605080651e+02 6.071851913201921889e+02 0.000000000000000000e+00 7.007848526794542749e+02 7.157140740740741194e+02 5.263923572539436009e+02 7.722965801886792860e+02 4.950859637340496988e+02 6.306616286938867688e+02 4.293807818561623435e+02 2.061803394625176793e+02 7.536906531091121906e+02 6.830718971398582653e+02 6.755385569055293900e+02 6.468753820832353085e+02 7.430364068064899357e+02 7.528093750000000455e+02 4.859698264352470005e+02 6.917016385424309419e+02 7.379398166600238937e+02 7.677930252339098161e+02 5.495240088105726954e+02 7.182575213911123910e+02 6.530971867007672245e+02
1.407669863442093174e+03 1.140798406549228957e+03 8.151229831480817438e+02 8.512300992282249581e+02 7.594226833428084547e+02 2.877928998990335913e+03 5.700392711834424517e+02 1.196270598577479404e+03 6.288041342611543314e+02 6.679053270770079962e+02 6.903463850528025887e+02 6.092734193975504695e+02 9.073762682504330996e+02 6.908688656476267624e+02 4.798408152734778014e+02 6.274672917110590333e+02 7.355339823008849862e+02 4.452658559847400852e+02 6.776526488257782148e+02 7.204698488194326274e+02 5.378952649733458884e+02 7.007848526794542749e+02 0.000000000000000000e+00 6.825238684145436991e+02 7.600212160413971105e+02 6.853569833788142205e+02 6.372136734267196516e+02 6.592654907281772694e+02 6.859654383735704641e+02 5.329040088267745432e+02 7.254209469153514647e+02 7.100991268618387267e+02 6.845893341367882385e+02 7.367374260355029492e+02 5.915048644892286802e+02 7.495350097550400505e+02 6.338797592174566944e+02 6.537981670485315817e+02 6.105685546270505029e+02 6.479043151969981409e+02 7.184258154059680237e+02 6.631935887803656442e+02 6.562561983471074427e+02
1.631038153165606900e+03 1.336898547155872848e+03 6.979289576729441933e+02 1.011801205919970812e+03 8.355073452256033306e+02 3.086683333333333394e+03 6.970142027114267194e+02 1.299569396315885569e+03 5.114589648269945883e+02 8.821961874503574563e+02 3.925774027879677419e+02 3.970145348837209553e+02 1.040550357626135792e+03 2.050335051546391867e+02 6.121792102598717520e+02 8.105335801163405449e+02 8.902821634867844978e+02 3.862699884125144649e+02 6.561577629382303485e+02 8.023774296489700646e+02 5.741808753370670502e+02 7.157140740740741194e+02 6.825238684145436991e+02 0.000000000000000000e+00 5.529642481598317545e+02 2.519096774193548356e+02 3.784912386706948837e+02 3.340154912352221572e+02 5.236438162544169472e+02 4.618855585831062740e+02 3.088207547169811207e+01 3.432446081009994714e+02 3.124570743405275834e+02 2.239365296803653109e+02 6.657936507936507553e+01 3.439314616019818232e+02 3.145778374233128716e+02 3.677494553376906197e+02 3.589814241486068340e+02 2.240958904109589014e+02 2.073110220440881903e+02 2.738668188736681941e+02 1.783278855975485158e+02
1.409341630471099279e+03 1.217618105477447671e+03 9.560440903314106436e+02 9.363219730070881042e+02 6.475376036602802969e+02 2.804060767283099722e+03 6.064928517682468510e+02 1.178654938227006824e+03 4.455282445839238790e+02 6.844422233057044878e+02 6.799682897505259689e+02 5.926300174520069959e+02 9.738966527668206936e+02 5.333328452903855350e+02 5.055068592057761521e+02 6.581343659942363047e+02 6.935010882303699873e+02 3.272322899505766145e+02 7.375666722717336370e+02 3.800253359770874795e+02 6.544310805114514551e+02 5.263923572539436009e+02 7.600212160413971105e+02 5.529642481598317545e+02 0.000000000000000000e+00 7.003063219639365116e+02 6.724855116514690963e+02 5.724447345517841086e+02 6.024997673336436037e+02 2.373999456964431261e+02 6.292521054061396626e+02 5.684875023143862336e+02 6.186629843643779623e+02 5.018856007944389148e+02 6.916531925849639038e+02 5.306144955453888770e+02 3.276058599237406952e+02 5.689181721572795141e+02 4.593198076345055370e+02 6.932116465863454096e+02 5.439890583554376917e+02 6.499045738045738290e+02 5.533767465069860236e+02
1.751837771548703586e+03 1.346152196435971746e+03 8.879288771814290158e+02 1.118277519091078375e+03 8.631234247590807627e+02 3.184701993439313810e+03 6.405025744347436785e+02 1.391279377431906596e+03 6.662971446501411492e+02 8.401710261569415934e+02 6.846971286581998584e+02 4.366838777660695428e+02 1.060440943582975933e+03 3.206600361663652734e+02 6.576890894175553512e+02 6.406432671081677199e+02 7.510339276869736977e+02 5.272531948881788821e+02 9.894426655127650747e+02 8.244792626728110463e+02 5.681399042097302754e+02 7.722965801886792860e+02 6.853569833788142205e+02 2.519096774193548356e+02 7.003063219639365116e+02 0.000000000000000000e+00 5.330746341463415092e+02 3.191677932405566480e+02 5.227811302681992629e+02 4.473687600644122426e+02 2.829375000000000000e+02 2.692700693756194141e+02 3.925873873873873663e+02 4.059310845121509033e+02 3.655868772782503129e+02 3.626523125996810109e+02 4.893349460364718766e+02 4.017142073505211215e+02 5.163879539415412410e+02 1.092076372315035826e+02 2.963951182303584915e+02 3.402034606205250498e+02 2.688550474547023441e+02
1.758589279538904975e+03 1.261261576399671185e+03 8.946590519703026985e+02 1.065717995069843937e+03 6.661083347894460758e+02 3.003273875606451384e+03 6.193435496794871824e+02 1.355869661674986219e+03 5.748128483426224875e+02 7.444175779667881443e+02 6.508329519450801399e+02 5.833798947983635799e+02 1.060764925373134247e+03 4.157693084300858004e+02 5.912395077311455225e+02 6.332530525030524586e+02 7.082965286491007646e+02 2.390442583732057358e+02 8.515894248999368301e+02 7.959183871751274637e+02 5.856868143241564439e+02 4.950859637340496988e+02 6.372136734267196516e+02 3.784912386706948837e+02 6.724855116514690963e+02 5.330746341463415092e+02 0.000000000000000000e+00 3.477895420591100901e+02 6.098437735849056480e+02 4.072086358425678441e+02 4.912945891783567163e+02 5.626581500646830136e+02 5.218633844147375385e+02 4.035984727966910555e+02 6.484394336654430617e+02 5.581335656213705079e+02 5.146646361013144997e+02 4.116347248576850006e+02 3.198261474269819473e+02 5.611203501094091735e+02 3.908687742320310008e+02 5.779538175046554898e+02 4.717244623655914211e+02
1.499767326277036318e+03 1.301085051720640877e+03 1.030983906087285732e+03 1.143940851976708473e+03 7.438634548842161394e+02 2.937243571201805935e+03 6.884502233567326357e+02 1.285169092691756532e+03 5.469629629629629335e+02 5.692235609103079241e+02 7.572988540870893530e+02 4.040926243567752749e+02 1.046883698659289166e+03 3.914067289719625933e+02 3.273502570694087126e+02 6.534779361846572101e+02 7.063261065943992207e+02 2.647293986636971113e+02 7.241132370847103630e+02 6.654361971556594426e+02 6.143009213557090789e+02 6.306616286938867688e+02 6.592654907281772694e+02 3.340154912352221572e+02 5.724447345517841086e+02 3.191677932405566480e+02 3.477895420591100901e+02 0.000000000000000000e+00 3.380868644067796822e+02 4.608723938708866967e+02 3.974896103896103909e+02 4.483171762366393409e+02 4.388767695521002565e+02 4.100732468780018962e+02 4.015695931477516183e+02 3.306614645858343238e+02 3.330618556701031139e+02 3.284389663379802755e+02 4.068676283411115833e+02 4.066118504435995078e+02 2.601470668485675333e+02 3.816580363147276671e+02 2.925475558923834569e+02
1.905283938283938369e+03 1.279302135787463158e+03 9.271593391206945398e+02 1.047833629749393594e+03 4.296604018146467752e+02 3.100877973866416596e+03 7.951613832853025770e+02 1.389695711104656766e+03 4.368434753211629413e+02 9.425547237076648344e+02 7.181710493363385694e+02 6.639069767441860677e+02 1.032485661708326916e+03 4.218037542662116266e+02 4.625174681463213915e+02 6.814730679156908764e+02 5.326559854897218429e+02 5.766341463414634063e+02 9.644446581196581292e+02 8.607083741429970587e+02 5.156642890013805527e+02 4.293807818561623435e+02 6.859654383735704641e+02 5.236438162544169472e+02 6.024997673336436037e+02 5.227811302681992629e+02 6.098437735849056480e+02 3.380868644067796822e+02 0.000000000000000000e+00 6.036779604159678456e+02 6.357392857142857565e+02 3.519586990191016866e+02 3.707163947163946887e+02 5.324264367816091408e+02 5.237825594563986442e+02 2.705385365853658755e+02 3.589252711932502962e+02 5.338424983027833832e+02 5.547895953757225698e+02 5.428017492711370551e+02 4.770798397863818536e+02 5.128753637245392838e+02 6.066478981874276997e+02
1.639961791044776191e+03 1.175595531786422953e+03 6.332629614267938223e+02 9.436489959839357198e+02 6.302729484268569422e+02 2.966766636637813008e+03 6.596031382228491111e+02 1.311508033664881395e+03 3.655306770098730453e+02 6.427084059993023857e+02 5.489535186794091715e+02 5.033569958847736530e+02 1.015442979278365442e+03 4.704224960254372263e+02 4.551143255489717490e+02 6.510849121205204710e+02 5.808221317040054146e+02 4.350058500914076944e+02 6.430414878397710936e+02 7.372683741648106661e+02 5.850270316509837585e+02 2.061803394625176793e+02 5.329040088267745432e+02 4.618855585831062740e+02 2.373999456964431261e+02 4.473687600644122426e+02 4.072086358425678441e+02 4.608723938708866967e+02 6.036779604159678456e+02 0.000000000000000000e+00 5.973864840989399454e+02 4.444255118110236253e+02 3.634284077892325513e+02 3.851053598774885245e+02 5.528600666349357198e+02 3.696192528735631981e+02 5.303184325108853727e+02 5.629253588516746731e+02 5.427633993239981010e+02 5.980916508022844482e+02 4.305524542829643906e+02 5.610935504469987336e+02 4.940467196819085416e+02
1.517630114295179737e+03 1.298147058823529505e+03 7.132168256721595299e+02 9.804010101010101152e+02 7.870584079133301429e+02 3.109957658128593721e+03 8.041745995939544400e+02 1.364115882285583439e+03 6.457693856998993169e+02 9.635677083333333712e+02 3.699319169483341625e+02 4.454885245901639337e+02 9.756876706574248601e+02 2.404895397489539732e+02 7.087649926864943382e+02 6.793312564901350470e+02 8.585520164397636336e+02 4.582541899441340547e+02 1.003148127753303925e+03 6.183868778280542529e+02 5.877212290502793621e+02 7.536906531091121906e+02 7.254209469153514647e+02 3.088207547169811207e+01 6.292521054061396626e+02 2.829375000000000000e+02 4.912945891783567163e+02 3.974896103896103909e+02 6.357392857142857565e+02 5.973864840989399454e+02 0.000000000000000000e+00 4.648036605657238169e+02 3.391490242460082527e+02 2.628751933986591212e+02 8.839080459770114828e+01 4.246642182581322231e+02 4.492839447355883635e+02 4.000000000000000000e+02 4.058169014084506898e+02 2.600455341506129798e+02 2.959877408056041759e+02 2.483147153598281420e+02 2.730243632336655537e+02
1.362737214027029495e+03 1.205163608348508205e+03 9.017795095367847580e+02 1.016749622622521883e+03 7.031949480861615029e+02 3.130496610638444963e+03 6.587486461251166929e+02 1.128987543252595060e+03 4.911659852820932315e+02 6.870464904284411887e+02 6.362339291852870247e+02 4.050230024213075239e+02 9.299714998218738629e+02 1.987840290381125214e+02 5.914043922756532083e+02 6.439258278145695158e+02 7.805572916666666288e+02 4.407266094420600666e+02 7.138864653243847442e+02 7.123430997876857873e+02 4.948316004455996904e+02 6.830718971398582653e+02 7.100991268618387267e+02 3.432446081009994714e+02 5.684875023143862336e+02 2.692700693756194141e+02 5.626581500646830136e+02 4.483171762366393409e+02 3.519586990191016866e+02 4.444255118110236253e+02 4.648036605657238169e+02 0.000000000000000000e+00 3.893908421913328084e+02 3.366050917702782499e+02 3.268959660297239793e+02 3.983485174043833013e+02 3.491719916392952996e+02 3.852209131075110236e+02 4.223909090909090764e+02 2.709187499999999886e+02 3.869135802469135683e+02 3.479793915603532923e+02 3.669190158892875502e+02
1.464396047430830095e+03 1.223145903771131316e+03 9.506248202177932853e+02 1.060781230183893513e+03 7.357526973310618814e+02 3.004123340725239814e+03 4.543569196838816424e+02 1.161509303522835808e+03 5.012653194263363616e+02 6.261277089783282008e+02 7.125460072297074703e+02 4.088215223097112698e+02 9.874440968601552413e+02 4.021182986264953456e+02 5.540305688463582783e+02 6.091612288640152428e+02 7.560756464685449600e+02 1.393184007707129126e+02 6.758734928229664547e+02 6.535543455050182047e+02 5.515731727437716927e+02 6.755385569055293900e+02 6.845893341367882385e+02 3.124570743405275834e+02 6.186629843643779623e+02 3.925873873873873663e+02 5.218633844147375385e+02 4.388767695521002565e+02 3.707163947163946887e+02 3.634284077892325513e+02 3.391490242460082527e+02 3.893908421913328084e+02 0.000000000000000000e+00 3.554779944289693390e+02 4.128050052137643320e+02 3.897007251153592620e+02 3.853091082954817352e+02 3.625688530878404094e+02 4.162564766839378194e+02 4.058694980694980927e+02 3.024801681113737573e+02 3.466276595744681117e+02 2.645775109170305655e+02
1.267550460422286278e+03 1.207963271407217690e+03 9.221277633289987534e+02 1.020354398750650716e+03 5.860535975312652681e+02 3.083696340872933433e+03 5.507742608036390948e+02 1.229303499671220834e+03 4.841751626898047789e+02 6.409036144578312815e+02 6.386119729877715372e+02 4.255912280701754185e+02 9.161820276497695659e+02 3.788108903605592559e+02 5.737710478497880331e+02 6.348018150600931904e+02 6.667622777307366277e+02 4.224431619447359481e+02 6.855733333333333803e+02 6.068775065387968652e+02 5.179741248097412836e+02 6.468753820832353085e+02 7.367374260355029492e+02 2.239365296803653109e+02 5.018856007944389148e+02 4.059310845121509033e+02 4.035984727966910555e+02 4.100732468780018962e+02 5.324264367816091408e+02 3.851053598774885245e+02 2.628751933986591212e+02 3.366050917702782499e+02 3.554779944289693390e+02 0.000000000000000000e+00 4.883256603773584743e+02 3.949361051666157323e+02 3.537705403404885374e+02 4.219701807228915413e+02 3.693011314186248910e+02 3.150021731256791213e+02 3.890592495062541047e+02 3.859144885446918352e+02 3.835513725490196180e+02
1.850721679545123152e+03 1.345787120418848190e+03 9.281798534110129140e+02 1.135088624853915007e+03 5.757528764382191184e+02 3.240910520839708624e+03 7.499080685971324556e+02 1.363662696140190064e+03 6.375739058629231977e+02 9.789398230088495438e+02 6.976775867661368693e+02 4.556462585034013841e+02 1.079953985872855810e+03 2.365283842794759721e+02 6.363189591078066769e+02 6.851701680672268822e+02 7.710644237652111315e+02 5.371076271186440181e+02 9.917015299026425055e+02 8.794408293460925279e+02 6.132623447440170139e+02 7.430364068064899357e+02 5.915048644892286802e+02 6.657936507936507553e+01 6.916531925849639038e+02 3.655868772782503129e+02 6.484394336654430617e+02 4.015695931477516183e+02 5.237825594563986442e+02 5.528600666349357198e+02 8.839080459770114828e+01 3.268959660297239793e+02 4.128050052137643320e+02 4.883256603773584743e+02 0.000000000000000000e+00 4.523762711864407038e+02 4.522287081339712813e+02 3.629152416356877211e+02 4.390000000000000000e+02 2.709580838323353191e+02 2.790615996025832146e+02 2.550509885535900025e+02 2.107444089456868994e+02
1.396043102561464821e+03 1.215955390334572485e+03 7.111806350858927317e+02 8.696328616352201379e+02 7.165565905096660799e+02 3.086111150484290192e+03 7.510111829460073523e+02 1.260987961622013017e+03 5.993241106719367508e+02 8.683367346938775881e+02 5.037514863258026026e+02 5.100097465886939290e+02 9.204557676348547375e+02 4.535576451349141394e+02 7.101404958677685499e+02 6.637916984975807964e+02 8.075008214034264711e+02 4.521894818252126811e+02 8.436511627906976400e+02 7.056857058301272900e+02 6.119868819374369195e+02 7.528093750000000455e+02 7.495350097550400505e+02 3.439314616019818232e+02 5.306144955453888770e+02 3.626523125996810109e+02 5.581335656213705079e+02 3.306614645858343238e+02 2.705385365853658755e+02 3.696192528735631981e+02 4.246642182581322231e+02 3.983485174043833013e+02 3.897007251153592620e+02 3.949361051666157323e+02 4.523762711864407038e+02 0.000000000000000000e+00 2.378146596858638873e+02 2.486631871955462714e+02 4.898638211382113923e+02 4.852503486750348429e+02 2.943165492957746210e+02 4.033766037735849181e+02 4.025544948289578429e+02
1.438261615628299978e+03 1.180411606203995689e+03 8.701937627811861375e+02 9.810357214328597593e+02 7.334730980619033289e+02 2.897365206603683419e+03 6.465558202318563872e+02 1.264300687406987436e+03 5.410829408686551005e+02 6.105321831453218238e+02 6.069784856571047840e+02 4.748954869358669839e+02 9.372364682002706786e+02 3.545221162185602566e+02 5.452720915448188634e+02 5.935034267912772066e+02 6.930855534709193080e+02 3.912354403409090651e+02 6.816595348837208803e+02 7.527042474065374336e+02 5.202326018808777235e+02 4.859698264352470005e+02 6.338797592174566944e+02 3.145778374233128716e+02 3.276058599237406952e+02 4.893349460364718766e+02 5.146646361013144997e+02 3.330618556701031139e+02 3.589252711932502962e+02 5.303184325108853727e+02 4.492839447355883635e+02 3.491719916392952996e+02 3.853091082954817352e+02 3.537705403404885374e+02 4.522287081339712813e+02 2.378146596858638873e+02 0.000000000000000000e+00 4.239323334495989002e+02 2.988303030303030141e+02 5.016625247105337735e+02 3.685200255645505081e+02 4.688033231603933473e+02 4.162911222780569460e+02
